Name            Cat         Nr       alpha 2000   delta 2000     V max   type    First Epoch     Per   last observation   source     
of star                                                            (mag)             (JD)          (d)        (JD)        of Per.     
SW   And        H           1878    00 23 43.090    29 24 03.62    9.22   RRab   2448500.0384   0.44226200  55177.3210          
XX   And        H           6029    01 17 27.415    38 57 02.03   10.20   RRab   2448500.6580   0.72275500  55198.4340         
AT   And        H         116958    23 42 30.832    43 00 51.66   10.51   RRab   2448500.2310   0.61691700  55170.3090         
BK   And        G      323500127    23 35 06.022    41 06 10.51   12.50   RRab   2429146.4500   0.42159850  54342.6056          
CI   And        H           8939    01 55 08.294    43 45 56.47   11.78   RRab   2448500.0022   0.48472800  55199.4020       
DK   And        G *    364500701    23 28 45.910    50 34 29.35   12.50   RR:    2429130.4070   0.24365530  52996.4249  
DM   And        T      277300253    23 32 00.707    35 11 48.87   12.40   RRab   2435717.4310   0.63038900  54749.5060          
DR   And        T      228600352    01 05 10.707    34 13 06.24   12.00   RRab   2437220.3190   0.56311800  54828.4120         
DU   And        G      283600362    02 30 31.337    40 50 33.11   12.50   RR     2436051.4500   0.60671600  54428.4662         
OV   And        T *    278701874    00 20 44.206    40 49 40.80   10.40   RRab   2439026.4780   0.47058100  54758.4460   1     
WY   Ant        H          50289    10 16 04.946   -29 43 42.41   10.40   RRab   2448500.5339   0.57434100  55238.7030          
SY   Aps        G *    926500960    14 39 24.130   -72 49 35.62   12.20   RR:    2451904.0650   0.2789100                2    
TY   Aps        H          72444    14 48 50.012   -71 19 41.88   11.27   RRab   2448500.4217   0.5016950   54986.8460          
UY   Aps      UA2  0150_14253525    14 59 34.440   -71 47 53.77   12.00   RRab   2425326.5400   0.4825200   53111.3670         
VX   Aps        G      942900076    15 59 56.690   -75 13 21.00   11.50   RRab   2434239.3610   0.4845780   54904.7930        
XZ   Aps        H          72721    14 52 05.427   -79 40 46.61   11.78   RRab   2448500.3661   0.5872750   54995.5350          
YZ   Aps        G      943203501    15 10 01.022   -78 23 01.75   11.40   RRab   2436809.4100   0.4890000   54222.7160          
AB   Aps        G      943203472    15 19 38.287   -78 40 38.53   12.50   RRab   2436728.3800   0.4818500   54988.5410          
BS   Aps        T      928101742    16 20 51.497   -71 40 15.74   11.80   RRab   2437419.9470   0.5825555   54992.7430        
CK   Aps        G      928601904    16 42 06.466   -74 13 02.14   12.40   RRab   2436690.4500   0.6235000   54284.8180          
DD   Aps        G      928701914    17 03 53.582   -74 36 49.61   12.30   RRab   2436725.3200   0.6482000   54317.5500          
DI   Aps        G      928700319    17 09 48.583   -73 25 41.95   12.50   RRab   2436050.2370   0.5192360   54319.5290         
EV   Aps        G      944801142    17 51 51.893   -77 40 55.20   12.10   RRc    2436725.3900   0.2834000   54280.6200         
EX   Aps        G      928902574    17 51 44.983   -69 20 05.10   11.50   RRab   2427933.5420   0.4717993   55005.8740         
SW   Aqr        H         104930    21 15 17.850    00 04 34.85   10.55   RRab   2448500.2802   0.4592990   55088.4970         
SX   Aqr        H         106645    21 36 08.448    03 13 50.01   11.08   RRab   2448500.0270   0.5357120   55095.6700         
TZ   Aqr        T      523000535    22 01 55.518   -05 36 02.56   11.57   RRab   2437548.9000   0.5711943   55083.4300          
YZ   Aqr        G      580600435    22 14 30.605   -10 55 46.24   12.10   RRab   2435364.4290   0.5519319   55096.6030         
AA   Aqr        G      581401518    22 36 03.840   -10 00 54.94   11.40   RRab   2420748.5850   0.6088901   55127.6120         
AI   Aqr        G      638300298    22 07 01.920   -20 42 31.43   12.50   RRab   2437910.3640   0.6185331   51875.5680         
AX   Aqr        G      638800920    22 25 39.298   -18 14 22.85   12.40   RR     2434625.3300   0.3881550   52137.4060         
BN   Aqr        G      523200498    22 27 48.751   -07 29 01.32   11.80   RRab   2437872.3900   0.46964739  55098.7190         
BO   Aqr        T      581600616    22 54 08.272   -12 21 38.13   11.56   RRab   2441621.2520   0.69401860  55098.5610         
BR   Aqr        H         116664    23 38 32.888   -09 19 07.47   10.83   RRab   2448500.0893   0.4818720   55090.6570         
BT   Aqr        G      519101561    20 57 48.418   -05 41 06.76   11.78   RRab   2438262.4700   0.4068160   54359.3310         
BU   Aqr        G      578200390    20 58 12.818   -13 14 07.58   12.50   RRab   2425418.6420   0.53100804  51984.6320          
BV   Aqr        H         108839    22 02 53.998   -21 31 32.16   10.82   RRc    2448500.1836   0.3636530   51872.5790         
CP   Aqr        T      519300708    21 10 12.852   -01 43 16.21   11.19   RRab   2437884.4290   0.4634070   55097.5610        
DN   Aqr        H         115135    23 19 17.204   -24 12 58.80   10.83   RRab   2448500.0882   0.6337570   55013.8290          
FX   Aqr        G      522500484    22 13 01.243   -01 43 40.73   12.40   RRab   2445237.3730   0.5882176   54320.7560    3    
FY   Aqr        T      522800828    22 16 34.974   -03 48 55.37   12.50   RRab   2450753.3504   0.5049900   52143.4770    2    
GW   Aqr        G      581100547    22 30 52.502   -07 42 41.26   12.50   RRab   2445584.3440   0.5259784   52008.6910    3    
HH   Aqr        G      524001512    22 41 31.488   -06 28 38.89   11.10   RRab   2450700.5180   0.5744700   54988.5780    2   
AA   Aql        T      518100028    20 38 15.083   -02 53 25.04   11.00   RRab   2424347.3966   0.36178688  55088.4630         
CH   Aql        H         101453    20 33 42.188   -05 38 49.23   11.50   RR     2448500.0619   0.3892000   52455.7950         
KM   Aql        G      573900789    20 05 56.290   -08 30 52.50   12.70   RR     9999999.9999   9.9999999   52213.6110           
PW   Aql        G      515202012    19 35 05.160   -05 18 37.69   12.00   RRab   2436399.4650   0.4750440   52385.0110         
V341 Aql        H         101356    20 32 31.562    00 35 07.07   10.19   RRab   2448500.1366   0.5780170   55055.4840          
V525 Aql        G      517001355    20 19 50.251   -04 17 41.93   12.50   RRab   2426928.4320   0.5156860   54357.3730         
V672 Aql        T      105701390    19 45 37.693    08 01 17.10   12.60   RRab   2437943.3410   0.5298365   55067.3939           
V706 Aql        G      515100518    19 52 57.814   -02 05 48.80   12.20   RRab   2427003.2800   0.3772390   51979.9560         
V793 Aql        G       50002405    20 15 23.020    03 21 06.90   12.60   RRc    2430930.4200   0.3980000   52415.760            
V1356 Aql       T*     515000227    19 46 58.875   -02 04 34.36   10.30   RRc:   2443698.6070   0.3240000                      
S    Ara        H          88064    17 59 10.731   -49 26 00.45   10.04   RRab   2448500.4290   0.4518790   55006.7990          
CV   Ara        UA2 0225-27161093   17 13 12.80    -61 11 39.0    12.00   RRab   2427277.2500   0.5565800   55008.3290         
CZ   Ara        G      9056001103   17 15 57.04    -63 03 11.80   12.40   RRab   2427267.3300   0.7201750   54320.5450         
EZ   Ara        G      873202849    17 29 31.776   -55 48 18.32   12.10   RRc    2427162.6100   0.3272600   53205.4940         
FO   Ara        G      873201844    17 31 12.394   -55 05 06.18   12.30   RRab   2427162.6100   0.6002200   53202.4230         
HX   Ara        G      874601488    17 58 44.894   -55 16 24.06   11.85   RRc    2442638.5138   0.2194030   51963.9930         
IN   Ara        H          88802    18 07 40.194   -54 36 28.76   11.10   RRab   2448500.5430   0.6314910   54276.7290         
MS   Ara        H          88402    18 03 04.292   -52 43 20.60   11.69   RRab   2448500.3020   0.5249820   55013.7920         
QT   Ara        G      874701714    18 05 19.77    -55 21 51.8    12.50   RR     9999999.9999   0.6283      53978.3810         
QU   Ara        G *    836901394    18 05 04.570   -51 27 25.78   12.00   RR     9999999.9999   9.9999999                      
V532 Ara        T *    835400751    17 29 11.713   -51 05 40.80   12.50   RR     9999999.9999   9.9999999                      
X    Ari        H          14601    03 08 30.885    10 26 45.23    9.06   RRab   2448500.1060   0.6511540   55212.3150    
RW   Ari        T      121701508    02 16 03.722    17 31 58.78   12.12   RRc    2443408.4040   0.3543410   54771.6934          
SY   Ari        G      122000669    02 17 34.049    21 42 59.26   12.50   RRab   2436105.3460   0.5666815   54479.3686           
TY   Ari        G      176101085    02 08 40.253    25 13 06.74   12.50   RRc    2451166.3330   0.3297150   54840.2330   4     
TZ   Aur        H          34743    07 11 35.018    40 46 37.13   11.19   RRab   2448500.1643   0.3916760   55240.5050          
BH   Aur        H          24226    05 12 04.269    33 57 46.95   11.42   RRab   2448500.1990   0.4560890   54808.3760         
RS   Boo        H          71186    14 33 33.214    31 45 16.63    9.74   RRab   2448500.3370   0.3773390   55216.5900  
ST   Boo        H          75942    15 30 39.231    35 47 04.30   10.34   RRab   2448500.1722   0.6222860   54992.5200          
SW   Boo        G      255901030    14 27 34.997    36 02 44.34   11.76   RRab   2442570.7600   0.5135281   53898.4314          
SZ   Boo        G      202200310    14 42 13.373    28 12 23.22   11.92   RRab   2427640.2310   0.5228198   54201.5790        
TV   Boo        H          69759    14 16 36.580    42 21 35.70   10.71   RRab   2448500.0510   0.3125570   54952.4941           
TW   Boo        H          72115    14 45 05.943    41 01 44.13   10.71   RRab   2448500.4830   0.5322770   54982.4580         
UU   Boo        T      256900519    15 17 05.258    35 06 56.49   11.50   RRab   2436084.4100   0.4569205   54583.4985       
UY   Boo        H          68292    13 58 46.337    12 57 06.46   10.35   RRab   2448500.3740   0.6508890   54507.6110           
XX   Boo        T      202200180    14 51 37.561    29 21 26.64   12.30   RR     2429366.6460   0.5814016   54213.4430         
AE   Boo        H          72342    14 47 35.264    16 50 43.55   10.50   RRc    2448500.2050   0.3148930   53451.6126           
CM   Boo        G      147500011    14 16 03.166    20 03 37.26   11.60   RRab   2435901.5400   0.6090800   54978.4250           
CQ   Boo        G      147800687    14 54 04.862    15 37 47.03   11.50   RRc    2450948.5485   0.28188352  54981.4007    5    
CS   Boo        G      200600232    14 06 01.774    24 34 15.28   12.00   RRab   2445820.4000   0.5533860   54202.5347    6    
DG   Boo        T      348201589    15 18 02.054    46 42 05.74   11.71   RRab   2449111.6750   0.4584550   54313.4350    7    
U    Cae        T      758600270    04 53 14.410   -37 49 15.89   11.60   RRab   2434314.5900   0.4197940   54848.6970 
V    Cae        G      758700795    05 01 37.668   -39 08 05.06   12.33   RRab   2434322.3150   0.5707980   54129.6860     
RZ   Cam        G      410801403    06 26 34.678    66 27 55.87   12.09   RRab   2439418.9830   0.48044941  54585.3790          
UY   Cam        H          39009    07 58 58.880    72 47 15.41   11.41   RRc    2448500.1460   0.2670440   54544.3880  
AH   Cam        T      372200351    04 06 38.890    55 29 59.66   11.31   RRab   2438729.4580   0.3687346   55162.4063         
CN   Cam        T      455600251    11 36 11.821    81 17 37.15    9.80   RRab   2450080.5880   0.6214000   51318.9520     8    
EW   Cam        H          36213    07 27 27.989    72 42 12.52    9.33   RRab   2448500.5480   0.6284080   54091.4920          
LP   Cam        T      406800447    04 09 40.355    62 27 11.59   11.10   RRab   2451578.4800   0.572092    54909.3663     30   
RW   Cnc        H          45709    09 19 06.036    29 03 55.74   11.45   RRab   2448500.3900   0.5472240   54923.5003          
SS   Cnc        T      192700426    08 06 25.589    23 15 05.65   11.49   RRab   2423078.5890   0.36733792  54825.4510         
TT   Cnc        H          41936    08 32 55.181    13 11 28.47   10.98   RRab   2448500.4020   0.5634300   55191.4050   
AN   Cnc        G      139401506    08 58 10.298    15 48 18.83   12.10   RRab   2438430.4448   0.54315826  54828.5390          
AQ   Cnc        T       82500680    09 17 38.976    12 39 03.74   11.10   RRab   2433001.3360   0.5485195   54521.3263         
AS   Cnc        G      194401281    08 25 42.113    25 43 08.80   11.90   RRab   2439200.4060   0.6175310   54827.7310     11    
EF   Cnc        T      194201380    08 40 38.823    23 15 50.29   11.18   RRc    2451955.529    0.2956885   54175.3577     33   
EZ   Cnc        T      194300581    08 52 57.700    23 47 54.34   11.78   RRab   2447153.6960   0.5457850   54824.6690      9    
W    CVn        H          68908    14 06 27.980    37 49 41.48   10.12   RRab   2448500.3424   0.5517530   55230.6510          
Z    CVn        T      302300942    12 49 45.380    43 46 25.22   11.46   RRab   2438931.3710   0.6538190   54910.4640         
RR   CVn        G      253001018    12 29 07.522    34 38 50.28   11.89   RRab   2443670.6126   0.55860758  54568.4940          
RU   CVn        G      254400531    13 59 33.288    31 39 04.28   11.36   RRab   2434483.4670   0.5732449   54975.4683          
RX   CVn        G      303000159    13 48 42.629    41 23 06.79   12.19   RRab   2439566.0190   0.5400264   54208.7950         
RZ   CVn        H          67087    13 45 03.016    32 39 16.71   10.97   RRab   2448500.2270   0.5674030   54979.4960         
SS   CVn        H          67354    13 48 15.941    39 54 03.02   11.39   RRab   2448500.3500   0.4785300   54970.4270         
ST   CVn        H          68188    13 57 34.061    29 51 28.69   11.23   RRc    2448500.2410   0.3290650   54923.4520          
SV   CVn        G      253002109    12 35 55.992    37 12 24.95   12.20   RRab   2439952.7600   0.6680620   53155.4884         
SW   CVn        G      253300249    12 40 55.051    37 05 06.50   12.03   RRab   2439555.9450   0.4416567   54974.4820        
UZ   CVn        H          61029    12 30 27.701    40 30 31.92   11.64   RRab   2448500.5110   0.6977910   55231.4160         
AP   CVn        G      253101623    12 51 10.594    32 58 18.77   12.40   RRab   2440022.5310   0.5746500   54187.4390          
BN   CVn        G      345600533    12 29 36.811    47 49 17.47   11.50   RR:    2451348.4840   0.5636363   54970.4720    10   
GI   CMa        G      539102142    06 47 43.037   -13 40 00.26   12.10   RRab   2438739.5060   0.4522390   51927.6780         
X    CMi        G       16800406    07 21 44.620    02 21 26.30   12.50   RRab   2428257.2720   0.5713800   53350.6640    29   
RV   CMi        G       17200672    07 21 50.610    04 14 40.20   12.70   RRab   2425235.5500   0.6255100   54499.4800         
AA   CMi        H          35281    07 17 19.170    01 43 40.06   11.12   RRab   2448500.2594   0.4763270   55242.6510         
AH   CMi        G       76600093    07 10 44.966    10 59 08.92   12.30   RRC:   2430267.6630   0.3458450   54834.5490         
AL   CMi        T       19200043    07 48 57.057    05 38 11.25   12.00   RRab   2436597.3560   0.5505000   54865.6100         
BB   CMi        H *        38361    07 51 24.555    04 54 39.15   10.18   RRc    2448500.2550   0.3964290   53758.5050         
RV   Cap        H         103755    21 01 28.868   -15 13 46.08   10.44   RRab   2448500.2805   0.4476980   55011.8310         
RZ   Cap        G      576300301    20 38 30.168   -12 01 06.31   12.50   RR:    2451384.8279   0.40100719  55044.8192    34  
YZ   Cap        H         105285    21 19 32.411   -15 07 01.14   11.13   RRc    2448500.1830   0.2734610   53639.0130     
AN   Cap        G      691601249    20 32 47.381   -26 33 23.11   12.00   RR:    2450339.645    0.415790    53632.0450    32     
TX   Car      UA2  0300_11144619    10 58 58.148   -59 04 57.18   12.50   RRab   2424566.4420   0.6011360   54199.5660         
FT   Car        G      895703569    10 39 22.930   -60 49 19.10   12.20   RR     9999999.9999   0.5000000                      
IU   Car        T      854801214    06 53 07.473   -59 35 44.42   11.35   RRab   2441695.3590   0.7371480   55148.5860         
HU   Cas        T      367701213    01 11 03.636    57 20 45.92   12.00   RRab   2431435.0490   0.4115956   55072.5400          
IU   Cas        G      365001988    23 44 39.269    52 20 41.17   12.10   RRab   2428748.2740   0.6493840   54803.4220         
NO   Cas        T *    401501454    00 24 04.654    61 20 30.07   12.00   RRab   2438353.4800   0.7194720   39028.3270         
V363 Cas        H           1222    00 15 14.333    60 20 25.69   10.41   RRab   2448500.0340   0.5465650   55159.3510       
V556 Cas        G *    403401188    01 23 51.758    62 31 20.06   11.60   RR:    9999999.9999   9.9999999   51335.8230         
BI   Cen        T      864201380    11 45 54.646   -59 22 40.19   11.18   RRab   2436690.2240   0.4531830   55202.8070         
KS   Cen        G      774901379    11 47 10.608   -41 31 43.82   12.50   RRab   2425995.3420   0.3974200   54630.9334         
V444 Cen        G      724201538    12 29 43.649   -34 22 01.92   12.50   RR     2452137.503    0.514134    53916.3960    35 
V480 Cen        G      726101246    12 54 22.160   -37 10 16.50   12.70   RR     2451967.497    0.534763    54996.2850    35   
V499 Cen        H          67976    13 55 14.767   -43 14 24.79   10.40   RRab   2448500.3447   0.5212050   55004.5390         
V501 Cen        G      781600194    14 11 49.930   -43 56 30.10   12.70   RR     2425774.3600   0.4538500   53924.4270          
V522 Cen        G      730701643    14 29 27.672   -37 13 43.54   12.00   RR     2426012.5900   0.6236400   52628.7730         
V535 Cen        G      730801701    14 37 27.425   -37 03 01.30   12.10   RR     2425707.4500   0.3715000   52628.6540         
V590 Cen        T      721301978    11 12 25.175   -36 52 46.33   11.80   RR     2452628.842    0.531035    52628.8420    35     
V595 Cen        T      721401559    11 22 06.149   -36 35 07.66   12.20   RR     2451869.68     0.69105     54254.4250    35    
V671 Cen        T      727800390    13 40 09.690   -37 26 27.98   11.60   RRab   2434399.6200   0.4376700   54940.6740         
V674 Cen        T      729201029    14 03 24.080   -36 24 20.15   11.00   RRab   2434432.5900   0.4939190   53129.3660         
V718 Cen        G      728600064    14 16 39.684   -32 16 36.37   12.50   RR     2452082.783    0.465434    52082.7830    35  
V753 Cen        H          57812    11 51 15.309   -55 48 15.80   10.36   RRC:   2448500.0766   0.2213482   54263.3160         
V819 Cen        T      866100387    13 19 21.694   -58 11 41.48    9.00   RR:    2442460.5900   0.6755000   52135.5820         
RZ   Cep        H         111839    22 39 13.174    64 51 30.60    9.26   RRc    2448500.0334   0.3086876   55445.4084         
AQ   Cep        G      463501839    08 22 43.387    86 04 52.39   12.20   RRab   2428128.4140   0.6514463   55309.4230          
DX   Cep        T      465000982    22 44 19.058    83 57 02.05   12.00   RRab   2438656.3550   0.52604167  54627.5130         
EL   Cep        G      446202121    21 46 22.522    69 11 06.83   12.20   RRab   2436079.3480   0.4166275   53683.2670         
EZ   Cep        H          18548    03 58 05.411    81 14 23.04   12.19   RRab   2448500.0376   0.3790040   54166.4780         
FP   Cep        G      425900062    20 54 53.947    66 26 41.06   12.40   RRab   2437119.4860   0.46786353  53286.4810         
RR   Cet        H           7149    01 32 08.173    01 20 30.23    9.28   RRab   2448500.2854   0.5530270   55454.6210        
RU   Cet        H           4725    01 00 40.302   -15 57 27.64   11.26   RRab   2448500.4930   0.5862670   54046.7110         
RV   Cet        H          10491    02 15 14.905   -10 48 00.72   10.69   RRab   2448500.0378   0.6234080   54064.6440         
RX   Cet        H           2655    00 33 38.284   -15 29 14.83   11.03   RRab   2448500.4893   0.5736850   52172.2940         
RZ   Cet        H          11517    02 28 32.438   -08 21 30.12   11.29   RRab   2448500.1150   0.5106060   54036.5690         
UU   Cet        H            320    00 04  05.125  -16 59 51.51   11.76   RRab   2448500.2720   0.6060830   51870.0370         
XZ   Cet        H           9361    02 00 16.634   -16 20 46.04    9.33   RRab   2448500.7990   0.8231400   52143.0700         
RT   Col        G      648200603    05 16 50.599   -27 28 24.64   12.40   RRab   2427779.5500   0.5365936   54092.7780         
RW   Col        G      707100298    06 03 38.570   -31 35 25.04   11.50   RRab   2427808.5150   0.5292340   55243.5830          
RX   Col        H          29528    06 13 14.743   -37 15 00.56   12.28   RRab   2448500.0578   0.5937570   55216.7070          
RY   Col        H          24471    05 15 07.782   -41 37 41.66   10.43   RRab   2448500.1797   0.4788320   54097.7670         
S    Com        H          61225    12 32 45.626    27 01 45.42   10.96   RRab   2448500.2390   0.5865850   55235.4260         
U    Com        H          61809    12 40 03.197    27 29 56.13   11.53   RRc    2448500.2650   0.2927360   54937.5570         
V    Com        G      198800665    12 10 15.938    27 25 54.30   12.48   RRab   2440683.9400   0.46914575  54946.4790         
RY   Com        T      199302658    13 05 07.986    23 16 42.23   11.66   RRab   2439598.8060   0.4689531   54973.3980         
ST   Com        H          64875    13 17 51.344    20 46 50.76   11.08   RRab   2448500.4624   0.5989270   55272.5230         
BS   Com        T      199700754    13 34 39.204    24 16 37.96   12.40   RRab   2436692.3400   0.3635000   54974.4090         
HY   Com        H          59995    12 18 16.016    16 09 15.91   10.33   RRc    2448500.2700   0.4486590   54941.5170           
WW   CrA        T      791101078    18 05 36.797   -43 49 57.34   12.00   RRab   2431287.2280   0.5594749   51947.9990         
CV   CrA        G      791602199    18 54 25.651   -38 25 55.99   12.50   RRab   2423992.3030   0.4709644   51947.7990       
V413 CrA        H          92244    18 47 57.620   -37 44 22.53   10.30   RRab   2448500.5490   0.5893430   52433.6140         
V592 CrA        T      791301356    18 26 20.821   -44 59 50.21   11.50   RRab   2431001.3205   0.5937039   52433.6140         
V593 CrA        G      740501429    18 25 57.380   -37 06 26.60   12.60   RRab   2430970.3362   0.39106422  51948.124                
V629 CrA        G      790601404    18 33 15.250   -41 07 26.00   12.60   RRab   2430877.3431   0.44479329  52433.472                
RV   CrB        H          79974    16 19 25.853    29 42 47.63   11.21   RRc    2448500.3060   0.3315880   54170.6450         
SZ   CrB        G      203900949    15 47 25.874    29 39 42.55   12.50   RRab   2436288.5371   0.4486190   53460.6581         
TV   CrB        H          75225    15 22 21.443    26 52 37.64   11.26   RRab   2448500.4900   0.5846290   54163.6310          
UY   CrB        G      204101018    16 06 21.785    28 07 03.68   12.50   RR:    2410950.8700   0.9291400   55337.4340        11    
W    Crt        H          55825    11 26 29.641   -17 54 51.67   10.84   RRab   2448500.1283   0.4120150   55301.6440          
X    Crt        H          57625    11 48 56.221   -10 26 28.55   11.19   RRab   2448500.1350   0.7328420   54950.5840         
SW   Crv        G      610100232    12 10 23.855   -22 14 36.05   12.70   RRab   2441772.4170   0.5309355   52373.185                
SW   Cru        AC2000   4207277    11 59 06.449   -60 18 18.48   11.82   RRab   2426030.4530   0.3277799   54935.7960         
UY   Cyg        H         103364    20 56 28.304    30 25 40.31   10.68   RRab   2448500.3740   0.5607140   55438.5510         
XZ   Cyg        H          96112    19 32 29.306    56 23 17.50    9.08   RRab   2448500.1280   0.4666100   55458.5080        
DM   Cyg        T      270700757    21 21 11.548    32 11 28.71   10.93   RRab   2442582.4060   0.4198600   55471.3420        
KP   Cyg        G      315801512    20 05 40.738    41 15 45.18   12.50   RRab   2426178.5790   0.8559360   51352.4603         
V759 Cyg        G      356600463    20 00 26.878    48 59 37.97   12.10   RRab   2437522.3980   0.3600548   55127.3760        
V894 Cyg        G      355601986    19 33 00.919    46 14 22.67   11.90   RRab   2436997.1980   0.5714030   54672.4480          
V1719 Cyg       H *       104029    21 04 32.921    50 47 03.28    7.90   RRC    2448500.1200   0.2672964   48556.5240         
V1815 Cyg       T *    360902052    22 01 45.304    48 04 53.65   11.20   RRc    2441921.3480   0.2463557   53252.3965   12    
V2121 Cyg       H *       100859    20 27 02.267    49 23 00.12    5.75   RRab:  2448500.1925   0.7996780                      
ZZ   Del        G      163200732    20 31 13.930    15 04 32.20   12.40   RRab   2437690.3170   0.52019172  55058.4980         
AX   Del        G      164700875    20 48 13.330    15 21 55.50   12.40   RRab   2425804.4600   0.5637310   53253.4281         
BV   Del        G      164701633    20 53 09.958    16 08 48.91   12.30   RRab   2425527.3140   0.423450505 55119.3320       
CK   Del        T      107800034    20 25 02.043    11 12 37.11   11.70   RRab   2434598.3680   0.4427899   54765.3070        
DX   Del        H         102593    20 47 28.357    12 27 50.70    9.63   RRab   2448500.2160   0.4726190   55453.3880          
EG   Del        G      164701787    20 53 39.475    16 30 04.79   12.50   RRc    2432580.5400   0.32484326  55038.5710        
FF   Del        G      164001617    20 26 59.700    19 12 33.60   12.60   RRab   2426649.2450   0.6154325   52724.7270                   
RT   Dor        G      888700832    05 29 44.669   -64 17 12.26   11.80   RRab   2430767.2720   0.4828370   55464.8050         
VY   Dor        T      851001671    04 48 13.293   -53 48 05.40   12.00   RR     9999999.9999   9.9999999   55153.8480             
XX   Dor        T      916500722    04 59 13.572   -69 35 43.34   11.23   RRc    2440701.3070   0.3289360   54171.3440         
RW   Dra        H          81238    16 35 31.598    57 50 23.20   11.16   RRab   2448500.2730   0.4429090   55408.5203         
SU   Dra        H          56734    11 37 56.607    67 19 47.06    9.28   RRab   2448500.5640   0.6604180   55309.5290      
SW   Dra        H          59946    12 17 46.630    69 30 38.22   10.03   RRab   2448500.4331   0.5696710   55282.3720
VZ   Dra        H          80102    16 21 05.743    58 27 02.88   12.46   RRc    2448500.1259   0.3210211   55063.3920 
WY   Dra        G      459600134    19 33 20.952    80 55 42.60   12.08   RRab   2438604.5180   0.5889410   55058.4170         
XZ   Dra        H          94134    19 09 42.610    64 51 32.15    9.70   RRab   2448500.2160   0.4764970   55427.3969
AE   Dra        G      390900754    18 27 06.782    55 29 32.86   12.40   RRab   2431996.4800   0.6026728   55070.4330 
AV   Dra        G      352300385    17 59 44.222    51 53 01.86   12.30   RR     2435335.5220   0.5555919   54597.4970
AW   Dra        G      354901454    19 00 48.012    50 05 31.13   12.30   RRab   2436075.2240   0.6871941   53671.2700         
BC   Dra        H          89372    18 14 19.068    76 41 08.41   11.34   RRab   2448500.6490   0.7195900   55398.5650         
BD   Dra        G      457401661    18 17 52.284    77 17 49.49   12.02   RRab   2441774.4410   0.5890520   55430.4740         
BK   Dra        H          94869    19 18 20.669    66 24 47.97   10.42   RRab   2448500.0953   0.5920760   55431.5490        
BT   Dra        H          72691    14 51 44.644    60 04 09.05   11.16   RRab   2448500.2350   0.5886730   55050.3910 
CY   Dra        T      394600531    19 46 05.222    59 34 26.19   12.30   RR:    9999999.9999   0.5351500   54600.4311    13   
DD   Dra        T      421501869    18 44 04.605    60 46 12.80   11.20   RRab   2447304.4590   0.3267500   55058.4170    14   
KU   Dra        G *    416900183    13 01 53.64     65 54 07.5    11.80   RR:    9999999.9999   9.9999999                      
RT   Equ        T       53501242    21 14 43.263    04 29 36.92   12.50   RRab   2437872.4160   0.4447564   55059.4030         
RX   Eri        H          22442    04 49 44.292   -15 44 28.25    9.25   RRab   2448500.2680   0.5872460   55180.7750        
SV   Eri        H          14856    03 11 52.107   -11 21 14.07    9.67   RRab   2448500.5970   0.7138650   55158.7770         
UZ   Eri        T      530000438    03 13 45.760   -14 12 43.64   12.34   RR     2427390.3040   0.6486180   54120.3550         
XY   Eri        G      531800800    04 11 16.800   -13 50 54.53   12.50   RRab   2424763.9000   0.5542500   54463.6717         
BB   Eri        H          22750    04 53 37.517   -19 26 01.08   11.05   RRab   2448500.5330   0.5699090   55169.6100         
BK   Eri        G      469900829    02 49 55.824   -01 25 12.22   12.00   RRab   2437911.4750   0.5481494   53244.2580         
BY   Eri        G      805400723    02 51 34.102   -47 48 05.18   12.13   RRc    2434343.5070   0.3113610   54118.4080         
CS   Eri        H          12199    02 37 05.759   -42 57 48.04    8.79   RRc    2448500.1370   0.3113324   51869.3520         
DT   Eri        G      704400852    04 26 40.008   -36 18 35.46   12.50   RR:    2451869.73     0.38653     54839.1152     35    
Z    For        G      644000745    02 50 07.054   -26 15 02.48   12.20   RR     2424759.8300   0.3704400   51869.3000         
RX   For        T      644200690    03 11 13.217   -26 28 58.82   11.12   RRab   2439831.3870   0.5973140   55153.6440         
SS   For        H           9932    02 07 51.978   -26 51 57.71    9.56   RRab   2448500.2277   0.4954240   55430.7610         
SW   For        T      756000526    03 01 08.712   -38 07 43.38   11.99   RRab   2434343.5900   0.8037400   55169.7220         
SX   For        H          16321    03 30 22.350   -36 03 13.53   10.82   RRab   2448500.4610   0.6053420   55184.6470         
TX   For        G      644300170    02 54 30.276   -28 24 01.58   12.00   RR:    9999999.9999   9.9999999   54119.3450         
RR   Gem        H          35667    07 21 33.530    30 52 59.45   10.85   RRab   2448500.3535   0.3972920   55228.4810         
SZ   Gem        H          38561    07 53 43.452    19 16 23.93   11.12   RRab   2448500.3420   0.5011270   55203.4880         
GI   Gem        G       76100680    07 04 40.855    13 26 12.52   12.39   RRab   2430346.6380   0.4332653   55244.3030        
IV   Gem        G *    245100552    07 17 39.955    30 54 37.40   12.20   RR     9999999.9999   9.9999999   54760.3489                      
Z    Gru        G      843200080    21 34 37.152   -49 07 27.88   11.80   RR     2439773.3620   0.2663870   53257.6710         
RR   Gru        T      799200369    21 38 03.554   -44 41 12.23   12.00   RRab   2434385.5820   0.5525320   34385.5820         
RT   Gru        G      843701538    21 51 58.404   -45 59 06.43   12.15   RRab   2441151.5550   0.5121749   41151.5550         
RW   Gru        G      801001153    22 42 07.006   -44 09 11.45   11.76   RRab   2434360.3880   0.5503060   55428.7210         
SS   Gru        G      748600124    21 28 06.338   -37 09 35.14   11.80   RRab   2428336.6280   0.4896194   53631.0190         
SX   Gru        G      843801332    22 04 21.403   -45 25 05.52   12.50   RR     9999999.9999   9.9999999                      
XZ   Gru        H         112532    22 47 34.686   -39 03 33.01   10.54   RR     2448500.0790   0.8831100   48500.0790         
AA   Gru        G      844701369    22 49 55.711   -46 21 28.69   12.50   RR:    2436814.2490   9.9999999   36814.2490         
AO   Gru        G      845101016    23 08 10.781   -48 22 08.94   12.50   RRab   2436813.2760   0.5725000   55166.0190         
AP   Gru        G      845400048    23 14 12.446   -50 39 11.48   12.40   RRab   2427992.6430   0.5079836   54014.6440         
AQ   Gru        G      801600800    23 22 18.046   -42 05 24.14   12.00   RR     9999999.9999   9.9999999   53680.4430                   
TW   Her        H          87681    17 54 31.200    30 24 37.71   10.55   RRab   2448500.2590   0.3995990   55420.5210         
VX   Her        H          80853    16 30 40.801    18 22 00.55    9.96   RRab   2448500.1935   0.4553620   55041.4450         
VZ   Her        H          84233    17 13 04.002    35 58 43.04   10.77   RRab   2448500.3370   0.4403310   55432.4510        
AF   Her        G      306601736    16 38 43.409    41 33 00.86   12.23   RRab   2427663.3095   0.63034554  54980.4750         
AG   Her        G      307401136    16 40 32.873    40 37 06.28   11.99   RRab   2427662.2090   0.6494465   55371.5230         
AR   Her        H          78417    16 00 32.232    46 55 25.73   10.72   RRab   2448500.2910   0.4699810   55403.4730         
BD   Her        G      158402205    18 50 32.179    16 31 50.56   12.09   RRab   2432628.0150   0.4739064   54706.4150         
CW   Her        T      259700581    16 50 38.243    35 27 04.89   11.90   RRab   2436721.3580   0.6238405   54694.3890        
DL   Her        G       99000684    17 20 22.474    14 30 38.38   11.00   RRab   2438208.4282   0.59162786  55348.5270         
EP   Her        G      209802384    17 55 09.391    26 36 18.72   12.44   RRab   2428048.3490   0.4257209   54271.4270         
GY   Her        T      306301333    16 38 18.042    37 48 04.86   11.90   RRab   2436387.8110   0.5243814   54648.4510         
IP   Her        G      260801846    17 58 14.611    30 13 10.06   12.50   RRab   2428038.5170   0.4338594   53655.3088         
LS   Her        H          78539    16 02 03.792    17 28 50.42   10.78   RRc    2448500.2110   0.2308010   54974.5790         
V394 Her        G      154101279    17 22 38.722    17 53 04.56   12.20   RRab   2429747.5040   0.4360573   54971.5330         
V442 Her        G      311101372    18 12 58.440    42 03 46.15   12.50   RRab   2435730.5500   0.4420840   55333.4430         
V893 Her        H          80020    16 20 04.077    45 12 59.97    9.21   RR:    2448500.1840   0.4918120   48500.1840                   
UU   Hor        G      806200090    03 18 25.368   -49 36 01.62   12.10   RRab   2424722.5710   0.6436812   55165.6370        
SV   Hya        H          61031    12 30 30.503   -26 02 51.13   10.01   RRab   2448500.2310   0.4785420   54993.6160        
SZ   Hya        H          45292    09 13 48.816   -09 19 08.91   10.81   RRab   2448500.0230   0.5372520   55291.5910        
UU   Hya        G       23802059    09 36 29.803    04 06 40.79   11.79   RRab   2439478.9340   0.5238684   55233.7750         
WZ   Hya        H          50073    10 13 24.126   -13 08 17.36   10.45   RRab   2448500.2110   0.5377130   55299.6020        
XX   Hya        G      602700968    09 09 49.450   -15 35 58.52   11.24   RRab   2439832.0110   0.50776718  55294.5810        
BI   Hya        T      720501078    11 11 48.21    -32 22 53.5    11.30   RRab   2427901.2600   0.526464    55327.6390
DD   Hya        H          40186    08 12 31.813    02 50 05.01   11.49   RRab   2448500.0530   0.5017710   55167.5280        
DG   Hya        G      487301674    08 58 06.377   -05 26 25.22   11.61   RRab   2437016.3280   0.4299730   55304.3660         
DH   Hya        T      544800107    09 00 14.829   -09 46 44.12   11.36   RRab   2431176.2440   0.4889982   55249.6980        
DT   Hya        G      721800520    11 54 00.197   -31 15 40.07   11.70   RR     2427900.5240   0.5679800   54259.3140         
EK   Hya        G      723100023    12 08 48.970   -30 04 20.57   12.00   RR     2427890.5700   0.7234000   27890.5700         
ET   Hya        T      542900744    08 35 04.217   -08 50 10.03   10.90   RRab   2435921.3860   0.6855190   55248.3730        
FX   Hya        G      672100366    13 27 58.968   -27 05 52.66   11.90   RRab   2434242.2920   0.4173560   55362.5710         
FY   Hya        G      672801587    13 53 35.496   -29 34 49.33   11.89   RRab   2441089.3110   0.6366510   54944.7510        
GL   Hya        G       21500653    08 40 59.239    02 37 21.79   12.00   RRab   2426032.4090   0.5059300   54197.3944         
GO   Hya        G       22500768    08 54 53.482    06 26 12.70   11.60   RRab   2425649.5070   0.6364370   55216.3910        
GS   Hya        G      673500259    14 15 39.610   -25 39 57.89   12.24   RRab   2441782.5870   0.5231450   54272.5300         
HO   Hya        G      675800333    14 46 00.625   -28 51 34.40   12.00   RR     9999999.9999   9.9999999                      
IK   Hya        H          58907    12 04 47.274   -27 40 43.29    9.68   RRab   2448500.2530   0.6502440   54990.6050        
IV   Hya        G      547100587    09 22 20.587   -13 38 48.88   11.00   RRab   2442871.3490   0.5407400   54156.7270         
KS   Hya        G      675302138    14 32 43.922   -26 45 41.04   12.00   RR:    9999999.9999   9.9999999                      
RW   Hyi        G      935201100    01 31 12.144   -78 29 07.04   12.50   RR     2425481.5000   0.5557700   54144.4050         
SU   Hyi        G      935601420    01 42 30.355   -80 00 33.34   12.50   RR     2425441.6000   0.3483500   53727.4400         
SX   Hyi        T      935300088    02 07 39.454   -77 48 47.22   12.50   RR     2425469.5000   0.3106700   54120.3690         
BB   Hyi        G *    915001524    02 33 18.799   -73 36 41.98   11.76   RRC    2441993.4300   0.2871310   54119.4210         
V    Ind        H         104613    21 11 29.903   -45 04 28.38    9.32   RRab   2448500.4238   0.4796040   54626.8500         
SW   Ind        G      841001623    20 30 26.162   -48 14 58.20   12.50   RR     9999999.9999   9.9999999   53665.4660                   
TW   Ind        G      840601091    20 33 42.847   -46 12 36.47   12.50   RRab   2436807.3040   0.5845100   53663.4660         
VX   Ind        G      841101161    20 41 51.422   -47 06 42.84   11.80   RRab   2436678.5950   0.6159860   54018.6210         
AO   Ind        G      844401487    22 00 29.038   -50 29 39.44   12.30   RR     2452117.889    0.39816     52117.8890     2    
CQ   Lac        T      320400359    22 21 10.395    39 43 12.62   11.50   RRab   2435036.3860   0.6200400   55141.5560          
CZ   Lac        H         110213    22 19 30.759    51 28 14.79   10.76   RRab   2448500.3424   0.4322120   54765.4190         
PW   Lac        G      273201033    22 10 33.118    37 13 20.93   12.00   RRab   2437518.4720   0.5123670   54765.4190         
RR   Leo        H          49628    10 07 43.459    23 59 30.32    9.97   RRab   2448500.2100   0.4523920   55303.3950         
RX   Leo        T      198300539    11 23 58.357    26 36 54.09   11.56   RRab   2436306.3830   0.6534122   55287.4570        
SS   Leo        H          56409    11 33 54.494   -00 02 00.04   10.33   RRab   2448500.2070   0.6263350   54934.5710         
ST   Leo        H          56785    11 38 32.677    10 33 41.72   10.73   RRab   2448500.3421   0.4779900   55261.4110        
SW   Leo        G      491700657    10 55 55.502   -02 58 56.64   12.50   RRab   2427150.2450   0.5541520   54205.550         
SZ   Leo        G       84700851    11 01 36.840    08 09 56.12   11.91   RRab   2445467.2910   0.53406125  54913.6410          
TV   Leo        G      492801223    11 11 21.943   -05 53 31.67   11.46   RRab   2437041.3900   0.6728526   55307.4200        
WW   Leo        G       24100213    09 30 26.114    07 12 21.53   12.08   RRab   2434882.3940   0.60284527  54918.5970         
AA   Leo        T       86000368    11 39 14.227    10 19 38.36   11.61   RRab   2439596.6550   0.5986557   54958.6782        
AE   Leo        T      143700734    11 26 12.196    17 39 39.65   11.60   RRab   2419839.5900   0.6267230   54583.4240 
AN   Leo        T       27000519    11 23 22.475    06 38 05.14   11.80   RRab   2419858.4070   0.5720244   52372.4360         
AQ   Leo        G       85800781    11 23 55.274    10 18 58.79   12.37   RR     2441766.4800   0.5497508   54932.3913         
AX   Leo        H          56350    11 33 03.747    12 09 13.89   12.01   RRab   2448500.2389   0.7267760   54917.4180        
BT   Leo        G      143700360    11 12 04.603    18 30 05.29   12.00   RRab   2425619.6670   0.4997270   54507.4528        
BX   Leo        H          56742    11 38 02.064    16 32 36.18   11.47   RRc    2448500.0530   0.3627570   53483.3741         
DL   Leo        G       83100206    09 43 03.581    10 19 00.91   12.44   RRab   2445741.1590   0.6738495   53750.5819    15   
DM   Leo        G       84000578    10 13 19.834    11 06 09.32   12.50   RRab   2452736.4540   0.5286940   55306.3746    16   
V    LMi        T      197600905    10 25 25.594    28 47 07.71   11.10   RRab   2419530.3410   0.5439187   55542.6865          
X    LMi        T      300000744    10 06 06.720    39 21 28.43   11.76   RRab   2439200.0070   0.6843193   54813.6420          
Y    LMi        G      251301084    10 15 51.547    32 51 34.16   11.40   RRab   2435556.0394   0.5244710   54944.3940         
U    Lep        H          22952    04 56 17.986   -21 13 02.04    9.85   RRab   2448500.4730   0.5814790   55531.6860         
RY   Lib        G      616401216    14 27 30.060   -21 31 27.41   12.00   RRab   2426126.5780   0.48300422  26126.5780         
RZ   Lib        G      616801167    14 59 44.974   -15 16 14.88   12.50   RRab   2427602.3400   0.5963275   27602.3400         
TV   Lib        G      558100817    15 18 21.876   -08 27 43.09   11.23   RRab   2420017.3015   0.269624031 55376.6020         
TX   Lib        G      501400375    15 19 10.620   -06 58 28.38   12.40   RR     9999999.9999   9.9999999   53462.6391               
UX   Lib        G      499900346    14 55 15.091   -06 17 33.04   12.50   RRab   2426174.4210   0.48317104  54217.6670        
VV   Lib        G      619700085    15 39 46.906   -21 00 48.42   12.30   RRab   2426093.5330   0.4781301   51287.9300          
VY   Lib        H          77663    15 51 16.993   -15 45 03.32   11.18   RRab   2448500.4688   0.5339410   55377.6040          
XX   Lib        G      676501211    15 07 10.051   -25 59 51.40   11.60   RRab   2427955.3540   0.6984300   55005.5990          
AZ   Lib        G      618300238    15 20 38.532   -22 17 27.89   11.80   RRab   2427984.4180   0.6513749   55390.5510          
BM   Lib        G      560200142    15 26 38.489   -11 32 28.90   12.50   RR     2451335.800    0.58170     51335.800    31         
CG   Lib        H          76313    15 35 16.804   -24 20 12.55   11.32   RRc    2448500.0950   0.3067870   48500.0950         
VW   Lup        G *    829201366    14 55 44.717   -50 57 36.65   12.50   RR     9999999.9999   9.9999999                      
AP   Lup        G      830200226    15 21 45.209   -48 45 36.72   11.90   RR:    9999999.9999   9.9999999                      
AW   Lup        G      830300421    15 27 48.439   -49 30 52.13   12.00   RR:    9999999.9999   9.9999999   53244.980                   
CW   Lup        T      781700118    14 20 22.976   -44 31 59.33   11.50   RR     2426890.3500   0.3773700   49180.2595         
FW   Lup        H          75234    15 22 25.380   -40 55 36.23    8.92   RRab   2448500.4566   0.4841690   48500.4566         
GZ   Lup        NN     999999999    15 18 48.650   -30 44 27.30   12.70   RR     9999999.9999   9.9999999                      
RW   Lyn        G      296001157    07 50 39.074    38 27 14.08   12.18   RRab   2425981.5030   0.4985670   54504.3610       
TT   Lyn        H          44428    09 03 07.788    44 35 08.13    9.51   RRab   2448500.2680   0.5974290   55519.4880        
TV   Lyn        H          36750    07 33 31.729    47 48 09.82   11.31   RRc    2448500.1610   0.2406510   54494.3143         
TW   Lyn        H          37805    07 45 06.294    43 06 41.56   11.49   RRab   2448500.0830   0.4818620   55541.5210         
RR   Lyr        H          95497    19 25 27.913    42 47 03.70    7.45   RRab   2448500.0240   0.5668600   53715.409         
RZ   Lyr        T      264101678    18 43 37.886    32 47 53.96   10.60   RRab   2441183.4260   0.5112423   54731.3370         
AQ   Lyr        G      211502233    18 34 51.017    26 35 41.50   12.30   RRab   2435695.0980   0.3571424   54324.4286         
CN   Lyr        H          91634    18 41 15.947    28 43 21.15   11.27   RRab   2448500.2030   0.4113830   53981.473         
CX   Lyr        G      212102076    18 51 17.299    28 47 47.62   12.14   RRab   2433069.3650   0.61664495  54677.569 
EX   Lyr        G *    211100413    18 37 11.618    26 09 19.80   12.00   RRc    2436461.3000   0.3586324   54685.4431 
EZ   Lyr        H          92221    18 47 40.324    35 59 34.13   11.10   RRab   2448500.3938   0.5252600   53614.385         
FN   Lyr        G      312902211    19 10 22.229    42 27 31.64   11.91   RRab   2433829.4020   0.52739716  53918.499         
IO   Lyr        H          90053    18 22 37.999    32 57 32.57   11.38   RRab   2448500.2741   0.5771210   54001.378         
KX   Lyr        T      310901663    18 33 15.225    40 10 22.68   10.38   RRab   2439630.8696   0.44090446  53601.3659         
MW   Lyr        G      262700599    18 19 53.827    31 58 54.62   12.50   RRab   2436041.4620   0.3978497   53635.4034         
NQ   Lyr        G      312800816    19 07 48.379    42 17 54.85   12.20   RRab   2417852.2510   0.5877888   53567.480         
NR   Lyr        G      312000591    19 08 27.264    38 48 45.97   11.80   RRab   2436079.3740   0.6820293   53933.537         
RV   Men        T      917601136    06 17 11.678   -73 28 55.73   12.20   RRab   2431172.2390   0.5422910   54171.356         
Z    Mic        H         105026    21 16 22.706   -30 17 03.07   11.35   RRab   2448500.2742   0.5869250   54015.612         
TT   Mic        G *    796200902    20 37 17.477   -44 47 02.80   12.40   RRab   2436808.4680   0.6724350   36808.4680         
XZ   Mic        G      796401082    20 58 54.816   -38 56 28.82   12.40   RRab   2442638.3550   0.4492080   42638.3550         
V391 Mon        G      482401986    07 22 20.45    -05 07 56.17   12.50   RRab   2430735.4150   0.4643310   30735.4150         
V535 Mon        T       16301482    07 10 48.831    01 16 56.06   11.80   RRc    2434795.3340   0.3328635   52664.4399         
V680 Mon        T *     74800218    06 59 30.714    09 18 59.59    9.60   RR     9999999.9999   9.9999999   42453.2590         
V764 Mon        H          37126    07 37 43.199   -07 43 37.96    7.13   RRc    2448500.1910   0.2900028                      
TX   Mus        G      898101087    11 47 07.334   -65 24 24.01   12.40   RRab   2424260.2640   0.4732260   54192.848         
CI   Mus        G      923901707    12 22 08.249   -74 06 27.14   12.40   RR     9999999.9999   0.6007320                      
EM   Mus        G      923600236    12 35 55.507   -72 53 00.20   11.90   RRab   2438536.2020   0.4672966   54193.760         
ET   Mus        G      925301357    12 57 29.534   -74 53 53.23   12.10   RRc    2438536.2770   0.2296741   53922.396         
VW   Nor        G      872400824    16 31 33.958   -58 34 14.05   12.30   RRab   2425587.9450   0.6180250   25587.9450         
VY   Nor        H *        80931    16 31 33.119   -53 58 23.70   13.01   RRab   2425535.2490   0.3753050   54208.743      
Y    Oct        T      952100425    14 29 04.381   -88 38 43.72   11.30   RRab   2428378.6500   0.6466260   54191.765         
RS   Oct        G      953200988    21 47 15.715   -87 39 05.83   12.20   RRab   2436329.5230   0.4580092   54065.579         
RV   Oct        H          67227    13 46 31.753   -84 24 06.38   10.39   RRab   2448500.0250   0.5711690   54194.584         
RY   Oct        H         106649    21 36 09.367   -77 18 13.54   11.52   RRab   2448500.3520   0.5634750   48500.3520         
SS   Oct        H         108057    21 53 35.375   -82 46 43.77   11.40   RRab   2448500.1350   0.6218520   54042.670         
UV   Oct        H          80990    16 32 25.534   -83 54 10.51    8.96   RRab   2448500.4361   0.5425870   54200.850         
AP   Oct        NN     999999999    21 49 38.800   -81 58 04.00   12.40   RRab   2436329.8390   0.6053650   36329.8390         
AR   Oct        G      934403356    23 12 14.606   -74 34 46.38   12.20   RRab   2436840.4200   0.3936200   51871.0400         
ST   Oph        T      508001878    17 33 59.384   -01 04 51.14   11.33   RRab   2428426.4410   0.45035618  51327.4856         
VY   Oph        G       41402093    17 32 53.076    00 25 12.22   12.50   RRab   2427874.6340   9.9999999   27874.6340         
XZ   Oph        G      682202330    16 54 39.739   -29 09 51.23   12.30   RR     2425717.6000   0.5501840   25717.6000         
V413 Oph        G      563001264    16 25 11.117   -10 31 25.36   11.90   RRab   2429609.8869   0.44900586  29609.8869         
V445 Oph        H          80402    16 24 41.210   -06 32 29.94   10.66   RRab   2448500.3952   0.3970230   53529.499         
V452 Oph        G       98200529    17 17 59.693    11 04 27.80   11.68   RRab   2436657.6750   0.5571623   53557.527         
V455 Oph        H          89450    18 15 18.524    12 21 08.53   11.86   RRab   2448500.3705   0.4539200   53948.482         
V756 Oph        G       40100572    17 22 30.415    01 46 47.78   12.30   RRab   2429404.4340   0.4610295   36824.2384         
V784 Oph        G       99201694    17 35 25.210    07 45 21.82   11.85   RRab   2440358.9540   0.3762746   53254.3370         
V816 Oph        G       42300966    17 42 37.668    04 57 30.06   11.71   RRab   2436351.4500   0.3806945   53934.501          
V865 Oph        G       98200386    17 19 00.170    09 30 27.18   12.50   RR     9999999.9999   9.9999999                      
UY   Ori        G *    477400442    05 32 00.298   -04 55 54.26   12.00   RR:    9999999.9999   9.9999999                      
CM   Ori        G       71702599    06 03 54.864    08 14 32.57   12.13   RRab   2425298.4510   0.65592205  54094.719         
V964 Ori        G      475501271    05 07 54.535   -02 08 48.73   11.50   RRab   2431500.1380   0.5046561   54080.601         
V1154 Ori       G       74201214    06 08 30.401    13 57 11.34   10.90   RRc    9999999.9999   9.9999999                      
V1640 Ori       G      70301930     05 17 22.001    10 18 28.48   12.38   RRC    2451614.8730   0.2263000   54828.4738   17    
SW   Pav        G      909701276    19 57 25.716   -66 46 47.53   11.80   RR     2424670.6300   0.8020000   53644.316         
TX   Pav        G      905401104    17 47 45.202   -60 05 03.62   12.30   RRab   2427162.5500   0.4598700   54206.885         
TY   Pav        T      905802328    17 48 42.897   -62 36 00.03   12.10   RRab   2441532.3330   0.7104005   41532.3330         
WY   Pav        H          87804    17 56 12.355   -57 09 43.38   11.88   RRab   2448500.5530   0.5885730   48500.5530         
BH   Pav        T      907702070    18 34 40.568   -65 27 03.03   11.50   RRab   2428045.2580   0.4769580   28045.2580         
BN   Pav        H          96581    19 38 03.383   -60 36 39.60   12.01   RRab   2448500.0350   0.5671170   54055.533         
BP   Pav        H          98265    19 58 00.142   -65 44 09.95   11.83   RRab   2448500.3131   0.5271280   54052.561         
DN   Pav        G      908900515    19 52 10.968   -63 40 23.70   11.69   RRab   2441183.3970   0.4684426   53652.492         
FO   Pav        G      908900842    19 51 42.221   -62 44 07.04   11.30   RR     9999999.9999   9.9999999   53652.410              
GV   Pav        G      908601180    20 08 32.328   -60 29 16.44   12.30   RRab   2436787.3860   0.5765000   36787.3860         
HV   Pav        G      878500022    20 19 05.140   -56 49 32.20   12.60   RRab   2436787.2650   0.5607120                      
QR   Pav        G      908400843    19 35 40.061   -61 19 18.26   12.50   RR:    9999999.9999   9.9999999   53643.406              
VV   Peg        T      168501784    22 13 03.883    18 27 04.24   11.13   RRab   2439389.4740   0.4883871   54052.291         
VZ   Peg        H         116942    23 42 16.302    24 54 58.31   11.71   RRc    2448500.1070   0.3064930   54000.392         
AE   Peg        G      169501345    22 27 21.504    16 48 17.35   12.37   RRab   2439410.2950   0.4967070   51920.1200        
AO   Peg        G      166700239    21 27 03.485    18 35 58.13   11.83   RRab   2425514.3470   0.54724252  53696.2796         
AV   Peg        H         107935    21 52 02.794    22 34 29.38    9.95   RRab   2448500.2202   0.3903780   54085.3810          
BF   Peg        G      222100464    22 45 53.098    24 08 37.97   12.33   RRab   2442961.4350   0.4958174   53287.3919         
BH   Peg        H         112994    22 53 01.037    15 47 16.59   10.17   RRab   2448500.0180   0.6409910   54059.290         
BT   Peg        G      219601827    21 36 23.930    26 18 07.02   11.90   RRab   2436457.1540   0.5567705   53613.562         
CG   Peg        H         107078    21 41 16.789    24 46 24.45   10.73   RRab   2448500.2640   0.4671330   54043.2970         
CY   Peg        G      167800133    21 49 47.263    21 08 38.22   12.30   RRab   2424769.6500   0.6479500   54024.3583         
DH   Peg        H         109890    22 15 25.637    06 49 21.43    9.37   RRc    2448500.1400   0.2555140   53655.3354         
DZ   Peg        T      171301366    23 20 07.028    16 04 06.99   11.31   RRab   2433891.3080   0.6073441   54061.362         
ES   Peg        T      273500326    22 33 18.538    30 10 15.31   12.00   RRab   2437901.2784   0.53867186  53558.462         
ET   Peg        G      222802004    22 40 42.264    26 23 01.61   12.30   RRab   2439005.9730   0.4898340   54041.3784         
GY   Peg        G      274200937    22 25 23.19     34 53 09.6    12.20   RRab   2441217.3900   0.5034537   54380.4512         
HU   Peg        NN *   999999999    23 59 10.600    13 47 42.00   12.00   RR     9999999.9999   9.9999999                      
IY   Peg        G      171602294    23 22 07.918    17 31 43.43   12.50   RRab   2444819.4350   0.5457269   53262.373     18   
V351 Peg        H         115627    23 25 25.188    15 41 19.14    8.00   RRc    2448500.0480   0.2966487                      
TU   Per        G      370200672    03 09 04.814    53 11 36.67   11.94   RRab   2438772.5900   0.6070749   52991.3060         
AR   Per        H          19993    04 17 17.196    47 24 00.63   10.05   RRab   2448500.3665   0.4255510   54387.4161         
ET   Per        G      367101029    01 39 22.157    53 52 18.91   12.20   RRab   2428183.2510   0.3940137    54455.3410         
RV   Phe        H         115870    23 28 31.454   -47 27 13.04   11.62   RRab   2448500.5030   0.5964160   54053.659         
TZ   Phe        G      753700112    01 09 58.320   -42 07 44.47   12.20   RRab   2436820.4370   0.6155400   53682.4290    19   
U    Pic        H          22466    04 50 06.632   -50 39 25.24   10.74   RRab   2448500.1386   0.4403730   54101.701         
ST   Pic        H          29583    06 14 01.167   -61 28 23.52    9.37   RRab   2448500.1890   0.4857410   54167.358         
RU   Psc        H           5803    01 14 26.039    24 24 56.38   10.01   RRc    2448500.3530   0.3902610   53254.5744         
RY   Psc        T      466400143    00 11 41.101   -01 44 55.26   11.82   RRab   2448512.3910   0.5297380   54037.5740         
SS   Psc        H           6301    01 20 52.363    21 43 43.25   10.89   RRc    2448500.1070   0.2877920   54019.608         
SY   Psc        G        2500346    01 02 32.940    05 23 41.90   12.40   RRab   2420398.4000   0.6735411   53648.5304         
SX   PsA        G      748700668    21 39 43.310   -30 53 38.90   12.50   RR     2451875.733    0.562855    51875.733     2             
SZ   PsA        G      697000020    22 51 40.476   -27 51 14.22   12.50   RR     2451870.575    0.56690     51870.575     2     
XX   Pup        H          39849    08 08 28.234   -16 31 59.62   10.54   RRab   2448500.4912   0.5172030   54171.574         
AK   Pup        G      600703312    08 05 11.513   -21 20 21.66   12.40   RRab   2425998.3760   0.5120530   25998.3760         
BB   Pup        G      600601929    08 24 22.630   -19 32 31.16   11.57   RRab   2438810.7760   0.4805440   54192.620         
BQ   Pup        T      654201690    07 31 15.725   -25 54 26.72   12.50   RRab   2428065.1210   0.6823230   28065.1210         
HH   Pup        H          35584    07 20 35.555   -46 42 30.10   10.54   RRab   2448500.2463   0.3907480   54174.656         
HK   Pup        H          37779    07 44 46.804   -13 05 56.31   11.08   RRab   2448500.0495   0.7342290   54147.631         
OP   Pup        T*     598402147    07 39 21.489   -17 20 49.11   11.00   RR:    9999999.9999   9.9999999   47271.8300         
V338 Pup        H          31400    06 34 55.467   -45 18 30.17    9.18   RRab   2448500.4850   0.7973300   51952.5830         
X    Ret        T      886601496    03 25 20.102   -65 03 18.66   11.16   RRab   2439438.5000   0.4919885   54150.639         
V440 Sgr        H          96101    19 32 20.782   -23 51 12.75    9.59   RRab   2448500.2329   0.4774800   48500.2329         
V675 Sgr        H          89326    18 13 35.410   -34 19 01.84    9.85   RRab   2448500.5940   0.6422800   48500.5940         
V756 Sgr        G      626100423    17 48 48.890   -21 52 51.49   11.70   RRab   2429434.5500   0.5239687   54207.883         
V796 Sgr        T      793701579    19 46 39.918   -40 27 22.78   11.60   RRab   2434238.3880   0.6255660   34238.3880         
V866 Sgr        G      688201000    19 12 16.200   -26 55 08.00   12.40   RRab   2426356.5920   0.5973433   26356.5920         
V1025 Sgr       G      628100790    18 51 27.310   -15 51 53.80   12.60   RRab   2427364.1810   0.5800041                      
V1055 Sgr       G      628200198    19 00 17.146   -15 06 06.70   12.20   RRab   2427366.2700   0.7018135   27366.2700         
V1130 Sgr       G      630501151    19 20 32.506   -20 32 20.11   11.90   RRab   2427360.2460   0.5680605   27360.2460         
V1176 Sgr       T      627801906    18 24 25.676   -21 34 20.08   12.00   RRab   2421432.4080   0.3548148   49180.8092         
V1182 Sgr       G      685203024    18 16 50.420   -27 47 49.83   12.50   RRab   2428461.2840   0.4408660   49180.6464         
V1640 Sgr       G      741500126    18 43 35.470   -34 52 13.55   12.30   RRab   2428780.3361   0.3673598   49180.6443         
V1644 Sgr       G      691701108    20 09 14.918   -29 33 21.49   11.60   RRab   2434235.3600   0.6392800   34235.3600         
V1645 Sgr       T      795301362    20 20 44.480   -41 07 05.90   11.50   RRab   2434234.3650   0.5528380   34234.3650         
V1646 Sgr       T      744201549    20 23 08.750   -31 17 42.22   11.40   RRab   2434324.3910   0.5444430   34324.3910         
V2239 Sgr       G      795501204    20 09 09.734   -41 49 32.05   12.00   RR     9999999.9999   9.9999999                      
V2277 Sgr       G      795700630    20 26 15.370   -41 29 21.90   12.60   RRab   2436807.3540   0.5275000   36808.4100         
V2277 Sgr       G      795700630    20 26 15.370   -41 29 21.90   12.60   RRab   2436807.3540   0.5275000   36808.4100         
V2279 Sgr       G      795301646    20 27 03.358   -40 40 14.16   11.90   RRab   2436807.4170   0.4898700   54014.6890         
V2281 Sgr       G      795700669    20 28 12.317   -42 36 07.67   12.50   RRab   2436807.2340   0.4791400   36807.2340         
V3718 Sgr    UA2   0675_28214763    18 39 04.686   -21 08 47.38   12.50   RRab   2438563.7480   0.4052151   38563.7480         
V3819 Sgr       NN     999999999    18 26 12.600   -21 13 24.00   12.50   RRab   2431674.2000   0.5246080   31674.2000         
V3859 Sgr       G *    686600615    18 38 32.278   -27 42 05.15   11.80   RR:    9999999.9999   9.9999999                      
V4424 Sgr       H          97923    19 54 01.909   -30 15 10.43   10.04   RRab   2448500.2010   0.4245020                      
UU   Sco        G      678001522    16 07 33.640   -24 03 12.20   12.50   RRc    2440060.2400   0.3653300   40736.0640         
V487 Sco        T      738400434    17 35 05.825   -34 23 45.02   11.11   RRc    2441456.6110   0.3291410   41456.6110         
V494 Sco        H          86512    17 40 48.480   -31 32 31.81   10.92   RRab   2448500.0390   0.4272910   49180.7032         
V600 Sco        G      786900739    17 04 08.950   -38 45 06.70   12.50   RRab   2429458.4100   0.4552540   49180.3635         
V690 Sco        H          87922    17 57 38.649   -40 33 27.22   10.81   RRab   2448500.1371   0.4922530   54205.848         
V765 Sco        G      678201089    15 50 54.934   -24 51 50.72   12.00   RRab   2429806.1980   0.4636602                      
RU   Scl        H            226    00 02 48.110   -24 56 43.07    9.57   RRab   2448500.4390   0.4933470   52994.384          
RV   Scl        T      642701515    01 19 42.584   -26 51 54.69   11.10   RR:    9999999.9999   9.9999999                      
RW   Scl        G      642702436    01 22 53.566   -26 17 33.79   12.10   RRab   2424731.8660   0.451707676 53694.401         
SV   Scl        H           8163    01 44 59.662   -30 03 33.39   11.21   RRc    2448500.0310   0.3773620   53705.423         
TX   Scl        T      698500559    23 55 22.257   -26 18 07.15   12.50   RR     2425446.6000   0.7277700   53715.446         
UZ   Scl        T      750700715    23 22 47.041   -30 07 09.79   11.62   RRab   2439112.3350   0.4491190   54031.656         
VW   Scl        H           6094    01 18 14.972   -39 12 44.85   10.28   RRab   2448500.3960   0.5109130   54033.593         
VX   Scl        H           7398    01 35 23.663   -35 07 42.59   11.54   RRab   2448500.1699   0.6370580   54075.689         
WY   Scl        G      642400122    01 00 27.773   -28 12 20.30   12.32   RRab   2441217.7390   0.4636900   51869.6000         
AE   Scl        T      699901283    01 07 25.813   -32 18 35.08   11.78   RRab   2441217.7300   0.5500900   51869.2600         
AF   Sct      UA2  0750_14707295    18 48 26.730   -13 57 47.51   11.90   RRab   2427355.2040   0.5289735   32891.4400         
BU   Sct      UA2  0825_12929570    18 46 07.365   -04 37 18.54   12.40   RRab   2440412.2160   0.4202520   53563.4966         
VY   Ser        H          75982    15 31 01.928    01 41 01.76    9.84   RRab   2448500.0210   0.7141010   54182.787         
AN   Ser        H          77830    15 53 31.052    12 57 40.14   10.46   RRab   2448500.0616   0.5220690   54199.494         
AP   Ser        H          74556    15 14 00.923    09 58 51.84   10.95   RRc    2448500.3100   0.3408050   53463.5866         
AR   Ser        H          76172    15 33 30.816    02 46 37.89   11.82   RRab   2448500.1700   0.5751700   50948.5198         
AT   Ser        H          77997    15 55 40.373    07 59 19.61   11.07   RRab   2448500.3133   0.7465190   53881.451         
AV   Ser        T       36600711    16 03 41.837    00 35 56.90   10.84   RRab   2428343.3370   0.48755736  54201.553         
AW   Ser        G      150300585    16 06 28.802    15 22 05.92   12.39   RRab   2428344.2220   0.5970970   48745.6400         
BH   Ser        G      148900255    15 15 01.097    19 26 35.16   11.90   RRab   2441482.4270   0.4345527   53503.5346         
CS   Ser        G       34100881    15 28 36.312    03 05 24.11   12.13   RRab   2431176.4300   0.5267959   54184.769         
DF   Ser        G      148900371    15 15 19.087    18 39 27.54   11.40   RRab   2429706.0540   0.43779512  53502.501       
T    Sex        H          48503    09 53 28.399    02 03 26.36    9.91   RRc    2448500.0030   0.3247060   53464.366         
V    Sex        G       24000749    09 56 07.754    04 51 07.24   12.10   RR     2427509.3250   0.4880788   27509.3250         
RU   Sex        T      490101224    09 45 40.750   -06 43 59.80   10.60   RRc    2442149.6160   0.3502323   54197.598         
RV   Sex        T      549900814    10 46 41.806   -08 22 32.81   11.80   RRab   2429640.6200   0.5034130   54197.666         
SS   Tau        G        7000710    03 36 41.827    05 21 40.90   11.92   RRab   2439033.9530   0.3699010   54082.675         
BR   Tau        G      127800849    04 34 42.893    21 46 21.72   12.00   RRab   2436487.4010   0.3905928   54457.4132         
BI   Tel        G      874400089    18 18 17.587   -53 22 19.92   11.60   RRab   2427987.5020   0.5383630   27987.5020         
EV   Tel        G      837201730    18 33 55.342   -51 21 11.45   12.40   RR     2452838.8050   0.4419400                20    
FU   Tel        G      876201122    18 43 23.762   -54 58 50.84   12.50   RR     2452104.6470   0.3596900                20    
GR   Tel        T      875800557    18 52 35.717   -53 10 56.17   12.00   RR     2452888.6230   0.6119600                20    
GZ   Tel        G      840100756    19 36 46.068   -50 47 40.02   12.10   RRab   2434236.4460   0.4553469   53654.462         
HH   Tel        T *    838901466    19 33 20.304   -45 39 49.19   11.60   RRab   2428372.4730   0.4820801   28372.4730         
HN   Tel        G      877400565    19 37 04.106   -52 58 18.41   12.20   RRab   2428006.3900   0.6003494   28006.3900         
HT   Tel        G      839101178    20 00 17.254   -45 18 53.17   12.50   RR     2452867.7780   0.6165800                20    
HY   Tel        T      878000192    20 08 13.451   -55 14 02.15   12.10   RRab   2428722.4140   0.4025030   53662.369         
MT   Tel        H          93476    19 02 12.281   -46 39 12.08    8.74   RRab   2448500.2700   0.3169000   48500.2700         
U    Tri        G      231500716    01 55 31.426    33 46 07.46   11.88   RRab   2419100.2275   0.4472530   54126.3537         
UX   Tri        G      229400506    01 45 35.004    31 22 49.91   10.50   RRab   2450753.4880   0.4669218   53702.519   21    
RW   TrA        H          83244    17 00 46.685   -66 39 49.90   11.02   RRab   2448500.2760   0.3740390   54192.778         
TT   TrA        G      902703751    15 49 17.215   -62 56 13.33   12.50   RR:    9999999.9999   9.9999999                      
W    Tuc        H           4541    00 58 09.701   -63 23 44.38   10.79   RRab   2448500.3140   0.6422340   54100.621         
YY   Tuc        T      883700411    23 11 00.566   -58 20 07.25   11.32   RRab   2441894.4970   0.6350210   53723.377         
AE   Tuc        G      884500834    00 50 00.583   -62 38 07.73   11.52   RRab   2434273.2320   0.4143630   54100.579         
AG   Tuc        G      884800768    00 54 53.268   -66 42 28.40   12.24   RRab   2439792.4110   0.6025820   54096.550         
AM   Tuc        H           6115    01 18 30.649   -67 55 04.96   11.53   RRc    2448500.0891   0.4057690   53706.476         
AO   Tuc        T      847000493    00 04 06.343   -59 29 06.23   10.88   RRc    2441948.5420   0.3332332   41948.5420         
BK   Tuc        T      934500132    23 29 33.335   -72 32 39.98   12.40   RRab   2436735.6050   0.5502000   54096.579         
RV   UMa        H          66122    13 33 18.085    53 59 14.59   10.24   RRab   2448500.3490   0.4680690   54198.581         
SX   UMa        H          65547    13 26 13.460    56 15 25.06   10.62   RRc    2448500.2340   0.3071395   53484.550         
TU   UMa        H          56088    11 29 48.491    30 04 02.39    9.32   RRab   2448500.0710   0.5576600   54209.375         
AB   UMa        H          59411    12 11 14.587    47 49 43.80   10.80   RRab   2448500.4470   0.5995930   54205.469         
BB   UMa        G      345401013    11 49 02.093    49 11 35.59   12.30   RRab   2440384.3540   0.5590529   53733.590         
BD   UMa        G      345201543    11 57 06.823    48 24 25.42   12.20   RRab   2440290.3000   0.6811470   40290.3000         
BF   UMa        G      345501107    12 03 44.554    46 40 18.59   12.00   RRab   2440295.4600   0.5010150   53107.4750         
EX   UMa        T      380101644    08 45 12.228    56 36 26.82   10.90   RRab   2449012.9896   0.5428316   54201.399     22   
HV   UMa        H *        58157    11 55 38.037   +47 15 26.63    8.60   RRc    2448500.0050   0.3553850                      
AF   Vel        H          53213    10 53 02.486   -49 54 22.74   10.94   RRab   2448500.0860   0.5274140   54205.606         
AN   Vel        G      767103174    08 06 11.100   -43 40 17.10   11.70   RRab   2426309.4960   0.3894864   53850.337         
CD   Vel        H          47796    09 44 38.242   -45 52 37.16   11.52   RRab   2448500.0200   0.5735260   49124.5420         
FS   Vel        T      773500975    10 46 00.311   -43 59 17.08   11.54   RRab   2439560.3240   0.4757324   54195.586         
ST   Vir        H          70702    14 27 39.074   -00 54 05.81   10.83   RRab   2448500.0299   0.4108140   54207.449         
UU   Vir        H          59208    12 08 35.072   -00 27 24.33    9.97   RRab   2448500.1752   0.4756090   54206.503          
UV   Vir        T       28200632    12 21 16.736    00 22 03.01   11.35   RRab   2439992.7200   0.5870824   54200.707         
UZ   Vir        G       89000554    13 08 44.386    13 24 08.39   12.20   RRab   2425004.3990   0.4588440   25004.3990         
VZ   Vir        G       30000469    13 26 12.081    00 11 20.92   12.20   RRc    2445388.6510   0.3396113   48071.6730         
WW   Vir        G      496500910    13 28 23.875   -05 17 08.95   11.90   RRab   2436722.3440   0.6515827   54198.738         
XZ   Vir        G       27600151    11 58 59.227    02 35 55.43   12.00   RRab   2449710.9100   0.4771200   54223.3750      23   
AD   Vir        G      498101250    14 05 37.126   -07 14 51.25   12.00   RRab   2436893.2850   0.5522151   49121.5742         
AE   Vir        G       32101600    14 27 29.366    03 46 41.34   11.50   RRab   2428282.4710   0.6338581   53462.579         
AF   Vir        H          70751    14 28 09.820    06 32 43.92   11.31   RRab   2448500.3960   0.4837350   54208.388         
AM   Vir        H          65344    13 23 33.327   -16 39 57.89   11.10   RRab   2448500.5024   0.6150750   48500.5024         
AS   Vir        T      553800115    12 52 45.866   -10 15 36.42   11.42   RRab   2439154.9130   0.5534240   54207.637         
AT   Vir        H          63054    12 55 10.541   -05 27 32.32   10.70   RRab   2448500.4578   0.5257850   54184.631         
AU   Vir        H          65445    13 24 48.007   -06 58 45.50   11.44   RRc    2448500.0040   0.3432210   48500.0040         
AV   Vir        H          65063    13 20 11.567    09 11 16.34   11.46   RRab   2448500.5354   0.6569040   54198.569         
BB   Vir        H          67653    13 51 40.785    06 25 51.40   10.75   RRab   2448500.1965   0.4711080   54200.587         
BC   Vir        T       30600647    13 22 21.143    05 53 10.94   11.31   RRab   2419922.2890   0.56451468  54207.652         
BQ   Vir        T      494800897    12 36 27.323   -02 25 32.52   12.10   RRab   2419858.3560   0.6359125   19858.3560         
DO   Vir        G      499300060    14 38 46.025   -05 19 31.80   11.50   RRab   2426588.2200   0.5327227   53095.6251                   
DR   Vir        G       87301012    12 21 42.454    07 53 27.06   12.50   RRab   2439580.4230   0.5455960   54222.4139         
FU   Vir        G       88100967    12 38 26.297    13 00 57.02   12.00   RRab   2439936.4050   0.5743600   53461.5158         
RV   Vol        G      919801587    08 32 52.555   -70 04 24.20   12.50   RR     9999999.9999   9.9999999   53853.342                   
SV   Vol        G      920301492    08 48 32.578   -71 39 14.90   11.76   RRab   2441742.4280   0.3785000   54208.626         
BN   Vul        H          95702    19 27 56.062    24 20 50.46   10.41   RRab   2448500.4770   0.5941380   54016.412             
CE   Vul     UA2   1125_13077138    19 32 57.821    23 36 15.48   12.20   RRab   2437176.3930   0.3704876   53544.467         
FH   Vul        G      164600074    20 40 19.898    22 13 24.85   11.40   RRab   2436027.4540   0.4054185   53937.539         
FK   Vul        T      165900679    20 52 30.997    22 26 11.68   11.80   RRab   2436076.4230   0.4340529   53617.4038         
MU   Vul        G *    214102569    20 02 34.26     22 58 06.40   11.50   RR     2440483.3410   0.5000000                   
No   Name       G      774400868    11 31 04.591   -41 07 03.86   12.20   RRab   2452662.2320   0.3532300                 24   
No   Name       T      672201540    13 39 51.713   -26 52 17.33   11.45   RRab   2452662.2320   0.3532300                 24   
No   Name       G      779400682    13 58 56.878   -40 53 49.60   12.19   RRab   2452662.2320   0.3532300                 24   
No   Name       T      673000109    14 13 45.502   -22 54 41.86   12.12   RRab   2452662.2320   0.3532300                 24   
No   Name       G      729402242    14 21 08.105   -37 04 15.89   12.04   RRc    2452662.2320   0.3532300                 24   
No   Name       G      729800015    14 57 44.938   -30 26 38.18   12.37   RRab   2452662.2320   0.3532300                 24   
No   Name       G      829701427    15 03 27.437   -47 56 03.77   11.62   RRab   2452662.2320   0.3532300                 24   
No   Name       G      783401438    15 17 06.497   -43 56 37.68   12.53   RRab   2452662.2320   0.3532300                 24   
No   Name       G      731700157    15 23 12.962   -32 26 42.07   12.12   RRab   2452662.2320   0.3532300                 24   
No   Name       T      872200769    16 12 06.230   -59 42 48.66   11.57   RRc    2452662.2320   0.3532300                 24   
No   Name       G      696000506    22 03 23.580   -29 28 52.07   12.58   RRab   2452662.2320   0.3532300                 24   
No   Name       G       57000139    22 31 52.918    02 37 23.92   13.08   RRab   2452662.2320   0.3532300                 24   
No   Name       G      697301172    23 15 49.858   -23 00 12.56   12.21   RRab   2452662.2320   0.3532300                 24   
No   Name       T      883100796    23 23 57.417   -53 18 10.59   12.52   RRc    2452662.2320   0.3532300                 24   
Brh  V14        G       95901397    16 24 49.675    08 04 14.52    0.00   RRab   2451355.4570   0.6446500                 25   
Brh  V15        G       39601710    16 51 29.882    06 22 26.72    0.00   RRab   2451410.8350   0.7789200                 25   
Brh  V44        G       86700545    11 45 45.542    11 52 09.01    0.00   RRab   2451956.4890   0.6793900                 26   
Brh  V122       G      517000175    20 20 23.954   -03 48 59.26    0.00   RRab   2452523.4000   0.5152000                 27    
NoNA Peg        G      275801820    23 03 10.280    34 25 07.00   12.40   RRab   2452909.3356   0.3188330   51304.8950    28     
