Red


***************************************************************


[0.         0.00343723 0.00698391 0.01046454 0.0140737  0.01739086
 0.02078813 0.02413046 0.03423691 0.03767521 0.04116472 0.04465489
 0.07226771 0.0756747  0.07906559 0.08242934 0.08593227 0.08936651
 0.09275201 0.09618351 0.09969077 0.10307855 0.10646578 0.10989475
 0.11338982 0.11675084 0.12011958 0.12351881 0.12701037 0.13042923
 0.13378585 0.1463363  0.14987115 0.15331397 0.15677809 0.16042068
 0.16392097 0.16741938 0.1709709  0.17448633 0.1780446  0.18157167
 0.18507107 0.19402271 0.19740562 0.20074179 0.2041646  0.20750112
 0.21084664 0.21423219 0.21760701 0.22098339 0.22439616 0.22773782
 0.23108099 0.23070829 0.23572516 0.23999404 0.24437451 0.24871047
 0.25293778 0.25719167 0.261476   0.26575729 0.27004143 0.27417972
 0.27842053 0.28274524 0.28702304 0.29123336 0.29563154 0.29997571
 0.30410025 0.30829705 0.31276602 0.31716356 0.32136349 0.32560608
 0.32983037 0.33412761 0.3383388  0.34268332 0.34686241 0.35092464
 0.35529284 0.35955128 0.36382867 0.36813461 0.373004   0.37713596
 0.3814713  0.39124356 0.39639737 0.40117453 0.40573443 0.41028238
 0.41481861 0.41932475 0.4238782  0.42844818 0.43301762 0.43755425
 0.44226751 0.44690525 0.4513746  0.45600343 0.46054053 0.46496789
 0.46943644 0.47395507 0.47822419 0.48260909 0.48694105 0.4916184
 0.49607123 0.4787412  0.48293992 0.48689276 0.49093466 0.49516281
 0.4994024  0.50358107 0.50737646 0.51145741 0.51559246 0.51972991
 0.52391708 0.52802926 0.53210689 0.53602453 0.539722   0.54356267
 0.54738743 0.55130911 0.55512935 0.55903072 0.563011   0.56680048
 0.57054075 0.57725194 0.58103894 0.58479692 0.58873741 0.59250837
 0.59660034 0.60062914 0.60438313 0.60835278 0.61225299 0.61628339
 0.62015643 0.62406603 0.62800657 0.63182832 0.63565133 0.63949942
 0.64329134 0.64723359 0.65106353 0.65461775 0.65808134 0.66155195
 0.66517858 0.67238523 0.6759211  0.67966934 0.68354205 0.68738512
 0.69136079 0.69545255 0.69937684 0.70328217 0.70719915 0.71098541
 0.71479754 0.71885166 0.72277714 0.72656726 0.73034556 0.7342301
 0.73816616 0.74203019 0.74582642 0.74971991 0.75363671 0.75760554
 0.76142116 0.77051585 0.77429846 0.77815146 0.78202141 0.78590008
 0.78985128 0.79361845 0.79747393]


***************************************************************


[14.48171907 14.44900412 14.44710272 14.40630685 14.45951285 14.40046206
 14.39894888 14.34399075 14.26400223 14.20844896 14.24814275 14.22155419
 14.07790819 14.072308   14.01710879 13.97038012 13.95409036 13.93413905
 13.89896987 13.90955822 13.86758649 13.83041389 13.81778188 13.80730344
 13.78003827 13.72821533 13.78908177 13.73321045 13.7755815  13.7755648
 13.73595352 13.76540443 13.79657719 13.8044587  13.78829182 13.74219791
 13.78851721 13.81673501 13.78540583 13.79148501 13.78272777 13.82569704
 13.80079506 13.84408223 13.86261572 13.83601653 13.86024362 13.88673633
 13.88059866 13.881299   13.87467285 13.89486357 13.89646169 13.87517633
 13.90109448 13.89949581 13.88360341 13.87027055 13.90944833 13.8993857
 13.90565731 13.94627258 13.92191776 13.96207925 13.94129475 13.95304442
 13.93352668 13.95357545 13.98495128 14.00170341 13.95080176 13.97550856
 13.9820021  13.97790224 14.00940893 14.03194239 13.99278444 13.99964811
 14.01358657 14.01869516 14.03684943 14.01569843 14.05287487 14.04881328
 14.03854881 14.03745438 14.05594965 14.07060097 14.07312091 14.09645693
 14.10522383 14.07643819 14.12482325 14.08976608 14.11550616 14.12818192
 14.11655835 14.12616266 14.13204995 14.14284076 14.14387299 14.17923159
 14.17324838 14.15251555 14.18317553 14.17266435 14.18075387 14.2061575
 14.18928305 14.2075557  14.22242875 14.20686356 14.20687287 14.20822731
 14.22917599 14.16365148 14.16751051 14.21941063 14.22637129 14.20304507
 14.20178128 14.19174251 14.21213241 14.22076038 14.22444262 14.22657004
 14.24161561 14.21561315 14.22788692 14.20173158 14.24477391 14.25986862
 14.28981191 14.29603249 14.25366846 14.25425505 14.28577136 14.24265918
 14.26114709 14.30954592 14.29276183 14.33523959 14.33183404 14.29513648
 14.30267907 14.310921   14.32755126 14.3285452  14.31587184 14.33079171
 14.36796822 14.34810091 14.36664806 14.35034114 14.35486435 14.32371326
 14.3585509  14.33432474 14.32600613 14.3411985  14.36040609 14.36289745
 14.37826886 14.35651574 14.38056559 14.39664271 14.40831534 14.41091356
 14.43692979 14.37786208 14.403942   14.39441203 14.39545147 14.40818786
 14.41808484 14.41798676 14.40805001 14.41226526 14.43852917 14.43834902
 14.39843483 14.42101782 14.42399958 14.44917595 14.45344721 14.39508595
 14.43963716 14.39723311 14.38981876 14.40884671 14.42314128 14.39828041
 14.41916081 14.38599637 14.39013063]


***************************************************************


[[0.00205132 0.00171629 0.0017213  0.00174254 0.00186531 0.00190478
  0.00182911 0.00175039 0.00173982 0.00174171 0.00176461 0.00167785
  0.00149247 0.0014998  0.00146569 0.00165158 0.00157358 0.00165101
  0.00147519 0.00167606 0.00146521 0.00167613 0.00137969 0.00164716
  0.00142551 0.00129004 0.00157249 0.001624   0.00134043 0.00157246
  0.00152889 0.00135029 0.00149424 0.00139808 0.00139027 0.00127159
  0.00133444 0.00137633 0.00142297 0.00144321 0.0012176  0.00137578
  0.00125454 0.00148066 0.00137405 0.00127583 0.00141149 0.00148854
  0.0013628  0.00142825 0.00144096 0.00168384 0.00157967 0.00154132
  0.00157065 0.00160917 0.00156329 0.00151474 0.00142323 0.00160972
  0.00147846 0.0016659  0.00139622 0.00172586 0.00153169 0.00149469
  0.00154568 0.00158055 0.00167959 0.00171617 0.00153012 0.00146494
  0.00166404 0.00140958 0.001445   0.00164197 0.00159022 0.00149503
  0.00141415 0.00151669 0.00158494 0.00143078 0.0014515  0.00158794
  0.00159645 0.00154636 0.00157271 0.00161737 0.00147463 0.00163707
  0.00167642 0.00152102 0.00156163 0.00143405 0.00142269 0.00153817
  0.00145971 0.001431   0.0013404  0.00147465 0.00135531 0.00161151
  0.00146382 0.00152987 0.00151337 0.00150754 0.00150159 0.00152187
  0.00145821 0.00137366 0.0015149  0.00162387 0.00158689 0.0015273
  0.00144671 0.00201223 0.00223605 0.00196591 0.00181032 0.00209732
  0.00220191 0.00198271 0.00191666 0.0021057  0.00219601 0.00220246
  0.00238493 0.00238705 0.00234802 0.00217055 0.00232875 0.00224994
  0.00243775 0.00245032 0.00238966 0.00219926 0.00227297 0.00182507
  0.00207458 0.00217922 0.00233793 0.00228759 0.00248276 0.00213787
  0.00225937 0.0022191  0.00216916 0.00210904 0.00208461 0.00199212
  0.0020426  0.00209064 0.00201006 0.00191662 0.00216994 0.00186909
  0.00185739 0.0019692  0.00171322 0.00189992 0.0021251  0.00207521
  0.00201865 0.00175367 0.00190407 0.00175165 0.0019133  0.00185683
  0.00196697 0.00210216 0.00170198 0.00182053 0.00203738 0.00177606
  0.00184761 0.00188966 0.00190062 0.00181228 0.00183769 0.00193396
  0.00182026 0.00177226 0.00173506 0.00193631 0.00174525 0.00176883
  0.00177922 0.00185868 0.00173077 0.00183475 0.00164899 0.0015459
  0.00162223 0.00168467 0.00175767]]


***************************************************************


[2459659.39694097 2459659.3985498  2459659.40020986 2459659.401839
 2459659.40352831 2459659.40508094 2459659.40667106 2459659.40823547
 2459659.4129659  2459659.41457523 2459659.41620853 2459659.41784214
 2459659.4307666  2459659.43236127 2459659.43394841 2459659.43552285
 2459659.43716243 2459659.43876986 2459659.44035448 2459659.44196062
 2459659.44360223 2459659.44518792 2459659.44677335 2459659.44837831
 2459659.45001421 2459659.45158737 2459659.45316414 2459659.45475519
 2459659.45638944 2459659.45798968 2459659.45956078 2459659.46543514
 2459659.46708966 2459659.46870111 2459659.47032252 2459659.47202748
 2459659.47366582 2459659.47530329 2459659.47696561 2459659.47861104
 2459659.48027653 2459659.48192741 2459659.48356534 2459659.48775524
 2459659.48933865 2459659.49090017 2459659.49250226 2459659.49406395
 2459659.49562985 2459659.49721449 2459659.49879411 2459659.50037446
 2459659.50197184 2459659.50353594 2459659.50510074 2459661.3771663
 2459661.37951449 2459661.38151258 2459661.38356291 2459661.3855924
 2459661.38757103 2459661.38956211 2459661.39156743 2459661.39357133
 2459661.39557656 2459661.39751353 2459661.39949848 2459661.40152271
 2459661.40352498 2459661.40549566 2459661.40755427 2459661.4095876
 2459661.41151814 2459661.41348249 2459661.41557424 2459661.41763255
 2459661.41959837 2459661.42158415 2459661.42356138 2459661.42557274
 2459661.42754383 2459661.42957733 2459661.43153339 2459661.43343476
 2459661.43547934 2459661.43747255 2459661.43947462 2459661.44149006
 2459661.44376922 2459661.44570323 2459661.44773243 2459661.45230643
 2459661.45471873 2459661.45695472 2459661.45908903 2459661.46121774
 2459661.46334097 2459661.46545012 2459661.4675814  2459661.46972043
 2459661.4718592  2459661.47398262 2459661.4761887  2459661.47835944
 2459661.48045137 2459661.48261794 2459661.48474157 2459661.48681384
 2459661.48890539 2459661.49102038 2459661.49301859 2459661.49507098
 2459661.4970986  2459661.49928788 2459661.50137207 2459663.36550058
 2459663.36746583 2459663.369316   2459663.37120785 2459663.37318688
 2459663.37517126 2459663.37712713 2459663.3789036  2459663.38081373
 2459663.38274918 2459663.38468575 2459663.3866456  2459663.38857035
 2459663.39047892 2459663.39231262 2459663.39404325 2459663.39584091
 2459663.39763113 2459663.39946671 2459663.40125481 2459663.40308089
 2459663.4049439  2459663.4067176  2459663.40846828 2459663.41160951
 2459663.41338206 2459663.41514102 2459663.41698541 2459663.41875044
 2459663.42066573 2459663.42255145 2459663.42430854 2459663.42616657
 2459663.42799211 2459663.42987858 2459663.43169139 2459663.43352132
 2459663.43536573 2459663.43715454 2459663.43894394 2459663.44074507
 2459663.44251992 2459663.44436513 2459663.44615777 2459663.44782135
 2459663.44944252 2459663.45106698 2459663.45276446 2459663.4561376
 2459663.4577926  2459663.459547   2459663.46135966 2459663.46315845
 2459663.46501931 2459663.46693449 2459663.4687713  2459663.47059922
 2459663.4724326  2459663.4742048  2459663.47598911 2459663.47788668
 2459663.47972404 2459663.48149804 2459663.48326652 2459663.48508471
 2459663.48692703 2459663.48873563 2459663.49051249 2459663.49233487
 2459663.49416817 2459663.49602582 2459663.49781176 2459663.50206862
 2459663.50383911 2459663.50564255 2459663.50745391 2459663.50926936
 2459663.51111876 2459663.51288203 2459663.51468662]


***************************************************************


[16118.04525072 21586.57627373 21414.90316398 21334.93294855
 18688.50375246 18222.91411718 19683.13744767 21077.01313911
 22075.69708795 22506.84853287 21805.85382049 24009.95897089
 29256.08608487 29617.86099621 31310.62916308 25859.87057438
 27847.08486011 25835.91073438 30651.82495719 25440.32502414
 32156.54548315 25253.96078201 35881.98659737 26040.27449462
 33813.36020402 39676.59022917 28858.28158267 27335.04725637
 38029.09108472 28832.89556414 30128.66307092 36779.55932657
 31408.12164852 35161.67437094 35356.72364024 41251.37417564
 37849.33601034 35905.89297361 33831.73254874 32973.04435317
 43539.29293836 35632.212893   41444.52241024 30771.75875412
 34832.50828963 39356.99900916 33526.26398627 30246.0737209
 35371.80371568 32699.9599034  32344.91435357 24662.79346918
 27778.54582995 28829.01709631 27632.61402785 26273.01255423
 27809.14180005 29165.94187844 31944.29368844 26372.25327967
 30706.92596584 25143.32264193 33895.28063969 23771.41268343
 28768.83688458 30129.29814425 28823.25423977 27547.53700568
 25026.54079557 23965.07916665 29291.1226054  30996.5924644
 25343.25067884 33662.87845336 31912.50131876 25859.68486154
 27409.24010599 30588.82413476 33197.87893984 29750.74049244
 27587.90906241 32901.53850535 31537.8063856  27407.70694387
 26978.93885281 28475.53851256 27735.72062551 26340.61346772
 30747.67530672 25699.35756271 24861.88332353 29092.03216399
 27842.18578573 31875.82497587 32383.02692815 28552.00094497
 31041.05581259 31884.77047734 35544.27694816 30508.75339462
 35274.03359126 26252.26518115 30758.09750499 28630.16035906
 29088.45671011 29215.98840083 29536.16770345 28826.01989944
 30788.03506555 33492.48520332 28688.30216683 25694.40038887
 26785.86087041 28580.84197451 30795.80126579 17573.83520651
 15143.07642638 18140.80900771 20290.6791583  16536.08513636
 15554.82604525 17869.74717787 18468.0162575  16550.61481953
 15375.33426862 15543.70005241 13695.69630324 13934.09774851
 14205.03278528 15883.15867426 14135.48268506 14857.67136003
 13401.62184651 13068.39725879 13780.23211356 15633.92373696
 14621.90656087 20757.1625084  17019.24993159 15629.89813248
 14185.78814534 14544.624102   12958.28995084 16103.74732563
 14850.14220861 15381.32569777 15808.86235074 16534.52736319
 16734.64930307 17884.07033266 17025.25653769 16792.02617031
 17640.31372064 18976.98896471 15757.38788737 19678.4468066
 20002.09975006 18393.31607313 22665.12360324 19319.851793
 16266.84409756 16777.28360785 17624.68140969 21440.83302843
 19078.7373303  21323.33129748 18825.14796718 19753.72775905
 17896.58240861 16481.2903846  22739.07036799 20429.38570283
 17162.11067858 21178.75480984 19985.17288085 19231.38366383
 19097.72899172 20375.73394515 19963.58241397 18294.62024721
 20347.89106861 21125.14072551 21770.49028733 18341.35848478
 21630.79240466 20975.43031949 20987.01150659 19975.16522483
 22392.29492004 20328.45246312 23999.86143223 26484.45227931
 24612.11485867 23008.69268702 21848.72465852]


***************************************************************


[[2.28310003 2.80228512 2.79491661 2.77648596 2.54436798 2.44967471
  2.6036955  2.68346866 2.77991418 2.8110504  2.75061211 2.94317135
  3.27401428 3.33509593 3.45955463 3.04755412 3.17172658 3.01579682
  3.31877056 2.99960602 3.48264608 2.93596501 3.721188   2.99065292
  3.55928587 3.90598102 3.22873548 3.10565495 3.85919238 3.22438634
  3.2967506  3.73406805 3.41433609 3.67694199 3.67062779 4.03706124
  3.82463394 3.71882045 3.56274348 3.50981956 4.17317072 3.6991595
  4.01940521 3.33503052 3.61982501 3.87375352 3.54204683 3.31264547
  3.65955899 3.48183962 3.46049305 2.90402129 3.16450351 3.21885561
  3.12230228 2.98983966 3.12043598 3.20457743 3.40923173 3.00962523
  3.35002489 2.95287324 3.59371735 2.86153208 3.21581072 3.31851247
  3.24426711 3.14536184 2.97245975 2.88679892 3.29566472 3.38493958
  3.00237917 3.60701141 3.48938627 3.05245802 3.16827974 3.41337981
  3.59193354 3.35021786 3.20330604 3.59280468 3.48773034 3.18464814
  3.14495616 3.25633895 3.21181689 3.10762148 3.43824744 3.05799854
  3.00794379 3.31752627 3.2487933  3.54036208 3.55514039 3.2991311
  3.46910345 3.54635364 3.83061724 3.45792306 3.79861589 3.1462934
  3.48818769 3.33381656 3.36885326 3.36003323 3.39437813 3.35509775
  3.47600568 3.70916963 3.34291353 3.10567663 3.19085953 3.34316918
  3.49201759 2.31131007 2.08396435 2.38860924 2.55895775 2.24417052
  2.1460705  2.34159687 2.37631149 2.22936996 2.12268537 2.17039322
  1.95785164 1.99663043 2.01055153 2.18947094 2.00831936 2.09092035
  1.92848983 1.90246536 1.98355782 2.16832666 2.06900553 2.66515789
  2.32365554 2.20106455 2.04597682 2.09070651 1.91393682 2.25622355
  2.11826555 2.18083604 2.24451015 2.31977097 2.3155168  2.44604188
  2.36241645 2.35118385 2.43826026 2.54862024 2.24527365 2.60302039
  2.66324326 2.50825    2.8834507  2.60339698 2.30611166 2.35143148
  2.44605167 2.79057034 2.58459408 2.77224706 2.56844643 2.65901779
  2.4869408  2.33479878 2.92142867 2.7160266  2.40880864 2.79891006
  2.68733185 2.62400507 2.60544309 2.7164277  2.6874074  2.52689608
  2.70568709 2.80415499 2.83240366 2.53528444 2.86222495 2.73912766
  2.78096128 2.68904113 2.89347845 2.72228852 3.05478979 3.25805222
  3.10457375 2.94103428 2.84661798]]