Blue


***************************************************************


[0.         0.0034981  0.00702076 0.01046092 0.01393826 0.0172828
 0.02065743 0.02394178 0.03408506 0.03757959 0.04097018 0.04449899
 0.07193627 0.07531622 0.07865861 0.08206319 0.08559565 0.08896528
 0.09237    0.09575323 0.09925382 0.10261985 0.10603992 0.10940096
 0.11287682 0.11621732 0.11956991 0.12296341 0.12649436 0.12984747
 0.13318935 0.14574069 0.14922927 0.15266056 0.15624375 0.15979509
 0.1632795  0.16679839 0.17034158 0.17384047 0.17732774 0.18082028
 0.18437887 0.1931678  0.1965329  0.19989113 0.20324318 0.20660279
 0.20993459 0.21330698 0.21664231 0.22002389 0.2234113  0.22672311
 0.23006151 0.2139477  0.21861941 0.22288453 0.22723431 0.231548
 0.23569942 0.24001182 0.24426108 0.2485262  0.25276138 0.25691694
 0.26109311 0.26543947 0.26971809 0.2739508  0.2782826  0.28251044
 0.28672675 0.29105797 0.29523318 0.29961643 0.30392344 0.30814054
 0.31221853 0.31662397 0.32083902 0.32511941 0.32917164 0.33348838
 0.3376872  0.34202699 0.34631477 0.35058397 0.35524552 0.35955947
 0.3637946  0.3741773  0.37873596 0.38350916 0.38804561 0.39260023
 0.39702504 0.40162237 0.40615108 0.41071636 0.41518506 0.4198572
 0.42446823 0.42908646 0.4336889  0.43809799 0.44257095 0.4470592
 0.45144154 0.45594491 0.46017243 0.46447385 0.46910018 0.47359754
 0.47819814 0.44412549 0.44811249 0.45207412 0.45630447 0.4604855
 0.46464367 0.46868885 0.47251362 0.47670104 0.48079977 0.48484909
 0.48896333 0.49314726 0.49714202 0.50088586 0.50473946 0.50842763
 0.51237116 0.51619772 0.51995272 0.52395489 0.52782666 0.53162318
 0.53533474 0.54198151 0.54577071 0.54960739 0.55342019 0.5574739
 0.56149611 0.56527    0.56914662 0.57302472 0.5770311  0.58091632
 0.58470484 0.58884259 0.5926234  0.59638273 0.60017307 0.60400813
 0.60781176 0.61166339 0.6154374  0.61891041 0.6224063  0.62578406
 0.62937931 0.63667043 0.64008944 0.64401662 0.64784397 0.65182752
 0.65580198 0.65976591 0.66364101 0.66760675 0.67139556 0.67523399
 0.67910087 0.68317804 0.68695021 0.69069735 0.69453071 0.69836436
 0.70237717 0.70612631 0.70990219 0.71375835 0.71773985 0.72160468
 0.72542666 0.73450559 0.73830809 0.7421216  0.74596988 0.74990598
 0.75369595 0.7574853 ]


***************************************************************


[15.66645501 15.65939472 15.64397133 15.60022292 15.63178641         nan
 15.58941696 15.61565582 15.66251219 15.64959361 15.59556552 15.62727041
 15.5935251  15.57798065 15.61958024 15.58509397 15.61051953 15.66441507
 15.65816338 15.63748374 15.60120798 15.62714322 15.67177566 15.62209528
 15.66233268 15.62997632 15.60607196 15.6235197  15.51646166 15.64808488
 15.6240675  15.63338105 15.64699605 15.64108389 15.57342502 15.63342385
 15.65479505 15.66278448 15.591733   15.59796145 15.61360479 15.6117854
 15.60229267 15.58119932 15.63271136 15.58791879 15.60062222 15.56943857
 15.59579908 15.59070984 15.6158192  15.61892166 15.66019928 15.62873632
 15.64929286 15.64760164 15.56925381 15.65885786 15.64443673 15.58292953
 15.60841235 15.55633604 15.60551447 15.6215362  15.57806653 15.59903711
 15.62058736 15.60777582 15.6798235  15.61900529 15.67068637 15.61418926
 15.60568888 15.63966263 15.65179715 15.62513736 15.5987259  15.6059772
 15.56931858 15.62445363 15.58562048 15.61777533 15.63924358 15.5760829
 15.61481153 15.59232411 15.57648922 15.58605355 15.53709079 15.60726954
 15.60311203 15.53489398 15.59619701 15.61892647 15.62227411 15.58982861
 15.6005905  15.58246138 15.62237116 15.59204972 15.57259311 15.60572624
 15.60938204 15.61806257 15.57195488 15.61362496 15.58383937 15.59823086
 15.61971119 15.60053551 15.60928058 15.59834332 15.59405078 15.60488981
 15.62987899 15.60753765 15.69807339 15.62749755 15.60812205 15.67935655
 15.60486804 15.57712683 15.56534541 15.69083333 15.59991121 15.66467712
 15.68095273 15.57453233 15.65178054 15.62864469 15.65059825 15.65817051
 15.53189449 15.64848496 15.59763118 15.60632717 15.59954483 15.63468543
 15.61640606 15.62692864 15.64550934 15.68092245 15.64299382 15.69833907
 15.6398321  15.60047395 15.6637213  15.63846741 15.62229885 15.63586049
 15.69465721 15.66603291 15.67180497 15.69561153 15.61588316 15.63115645
 15.58911201 15.63069419 15.64797861 15.63328448 15.64805219         nan
 15.64679669 15.63632173 15.62896752 15.63623173 15.60923559 15.67493374
 15.6566471  15.62551652 15.60408403 15.61097648 15.62898052 15.60681333
 15.63958757 15.61030931 15.61705843 15.57182268 15.62048087 15.58048746
 15.58116687 15.61797673 15.60983416 15.61913038 15.61785956 15.60072905
 15.62679149 15.61108246 15.66801576 15.63619489 15.63357978 15.61057782
 15.60506482 15.62681665]