Green


***************************************************************


[0.         0.00343686 0.00700328 0.01041765 0.01395154 0.01729699
 0.02063817 0.02396336 0.03406644 0.03753179 0.04094952 0.04445927
 0.07195114 0.07533444 0.07867703 0.08207415 0.08558634 0.08895673
 0.09233008 0.095745   0.09924375 0.10261136 0.10598552 0.10939709
 0.11287498 0.11621895 0.11957208 0.12295927 0.12648993 0.12984121
 0.13318679 0.14572257 0.14921821 0.15264544 0.15616866 0.15977896
 0.16321698 0.16673072 0.17032846 0.17380824 0.177291   0.18079071
 0.184329   0.19315549 0.19652857 0.19987271 0.20326148 0.20661109
 0.20991465 0.21329039 0.2166496  0.2200295  0.22341684 0.22673141
 0.23007513 0.21325845 0.21840758 0.22267883 0.2270364  0.23132038
 0.23550911 0.23978792 0.24406346 0.24829893 0.25258119 0.25669888
 0.26089165 0.26529031 0.26944577 0.27376554 0.27810825 0.28235271
 0.286554   0.29077017 0.29507538 0.29943981 0.3037518  0.30796525
 0.31207676 0.31646439 0.32055152 0.32497035 0.32901411 0.33321301
 0.33752251 0.34173301 0.34604034 0.35031821 0.35507989 0.35929696
 0.36349778 0.37327844 0.37848589 0.38322818 0.38776438 0.39230509
 0.39677123 0.40133195 0.40585461 0.41047557 0.41493546 0.41947656
 0.42416534 0.42880952 0.43330878 0.43786971 0.44234611 0.44674503
 0.45120602 0.45569533 0.45993467 0.46424278 0.46871035 0.47327551
 0.47783902 0.44409326 0.44801825 0.45198409 0.45604763 0.46028211
 0.46451384 0.46851143 0.47232215 0.47648385 0.48057893 0.48466132
 0.4888666  0.49288359 0.49693654 0.50081555 0.50454423 0.5082782
 0.5121877  0.51605009 0.519862   0.52379383 0.52770092 0.53148013
 0.53520038 0.54188694 0.54565844 0.54947584 0.55332614 0.55743619
 0.56130679 0.56517152 0.56895479 0.57293528 0.5767913  0.58078396
 0.58461631 0.58868617 0.5924376  0.59629467 0.60004622 0.60389354
 0.60765275 0.61157875 0.61543186 0.61885683 0.6223535  0.62576352
 0.62936707 0.6365971  0.6400808  0.6439295  0.64773818 0.65171134
 0.6556744  0.65967304 0.6635528  0.66739837 0.67129839 0.6750903
 0.67893489 0.68298574 0.68683767 0.69058752 0.69441588 0.69827295
 0.70218351 0.70601305 0.70976618 0.71366795 0.71760451 0.72150108
 0.72525475 0.73441393 0.73814541 0.74195439 0.74588037 0.74970353
 0.75362495 0.75732535]


***************************************************************


[15.45901448 15.44102776 15.4498608  15.36055284 15.3594194  15.40893459
 15.34041249 15.36951998 15.39466421 15.32334415 15.4137073  15.30536723
 15.39541329 15.39332325 15.32933667 15.33808564 15.41672228 15.40867281
 15.40514559 15.37840907 15.33979663 15.35820189 15.40634555 15.40857745
 15.39982093 15.37459811 15.37018904 15.28274083 15.36397791 15.36249533
 15.38753803 15.41591015 15.36989754 15.39593167 15.35780785 15.38730909
 15.4075192  15.35417341 15.28805701 15.38102131 15.31835794 15.36462539
 15.3822829  15.34996887 15.37955218 15.32118689 15.37051698 15.29154067
 15.34910746 15.34927584 15.3812917  15.32694943 15.33776133 15.41089833
 15.37394335 15.35789769 15.34574155         nan 15.3588179  15.43981453
 15.40173593 15.36186719 15.36265151 15.36664158 15.3688139  15.37511006
 15.34038137 15.38344719 15.35441994 15.35373894 15.36143839 15.35270778
 15.33645972 15.42931486 15.35084625 15.34679459 15.34974303 15.38209503
 15.36942365 15.36809457 15.39443444 15.31672188 15.34956322 15.34532728
 15.35016055 15.3291977  15.32592743 15.36072811 15.32581994 15.32480139
 15.35178257 15.31769139 15.38348733 15.33560552 15.32510661 15.3560622
 15.32247522 15.35632171 15.37919791 15.38815748 15.36612644 15.36140893
 15.37260391 15.35930071 15.36394926 15.345206   15.39878549 15.37931632
 15.36955576 15.36810861 15.37238575 15.33795277 15.38405011 15.34896474
 15.41968373 15.33276669 15.36140612 15.39075249 15.30889552 15.39746632
 15.4330564  15.32132381 15.38003837 15.40581122 15.39670447 15.33950461
 15.37186504 15.38057047 15.33206011 15.33595337 15.3439248  15.36240791
 15.34090078 15.37318877 15.3367405  15.31338006 15.34929179 15.36553996
 15.32806732 15.42341349 15.40813129 15.37785984 15.45181548 15.43238726
 15.43223612 15.43458894 15.37115783 15.45403752 15.4784594  15.42299607
 15.42510258 15.4418183  15.41602923 15.46294036 15.41681118 15.40346006
 15.37179839 15.38414531 15.38710588 15.40646309 15.37230908 15.3929388
 15.42257064 15.38932437 15.39326487 15.37715473 15.36398182 15.40490881
 15.39154298 15.41943898 15.43819999 15.36423733 15.38680571 15.34373329
 15.35882529 15.41401271 15.39796461 15.37427713 15.35798798 15.38263638
 15.37765777 15.39708909 15.3913875  15.36754705 15.3495664  15.39896856
 15.34932098 15.43943397 15.43712124 15.38666596 15.39203371 15.39034753
 15.3402251  15.36461453]