Luminance


***************************************************************


[0.         0.00344228 0.00699521 0.01048996 0.01411772 0.01743834
 0.02079743 0.02418318 0.03423689 0.03771304 0.04117508 0.04460175
 0.07227075 0.07571741 0.07909272 0.08242929 0.08595393 0.089392
 0.09277704 0.09620769 0.09971251 0.10310476 0.10648749 0.10991832
 0.11341616 0.11678166 0.12015168 0.12350286 0.12704056 0.13045316
 0.13381779 0.14634789 0.14986057 0.15333222 0.15673788 0.16036774
 0.16391986 0.16743567 0.17096405 0.17450069 0.17800956 0.18153796
 0.18509166 0.19403743 0.19744941 0.20078635 0.20421473 0.2075304
 0.21089444 0.21428323 0.21764919 0.22098576 0.22439332 0.22778785
 0.23108873 0.23064924 0.23555343 0.23984471 0.24419365 0.24852398
 0.25288073 0.25701603 0.26133491 0.26558825 0.26986126 0.27398031
 0.27826803 0.28262514 0.28679562 0.29110683 0.29535963 0.29972361
 0.30396695 0.30818404 0.31250596 0.31689808 0.32110251 0.3254772
 0.32967921 0.3339045  0.33821692 0.34245916 0.34673054 0.35078888
 0.35514964 0.35933783 0.36369623 0.36802939 0.37231657 0.37698504
 0.38132704 0.3912244  0.39614676 0.40080131 0.40547088 0.41004499
 0.41458892 0.41909063 0.42366598 0.4282327  0.43279334 0.43730804
 0.44203945 0.44670313 0.45118404 0.45579708 0.46025191 0.4647492
 0.46925007 0.47367016 0.47801633 0.48241493 0.4867233  0.49138272
 0.4959448  0.47871492 0.48286268 0.48677616 0.49078295 0.49498966
 0.49920537 0.50343686 0.5073391  0.51126975 0.51548524 0.51950568
 0.52368612 0.5278464  0.53192596 0.53593772 0.53965051 0.54342886
 0.54728877 0.55125045 0.55505709 0.55887637 0.56283266 0.56674259
 0.57048051 0.57712108 0.58093845 0.58479061 0.58868017 0.59243097
 0.5965405  0.60057239 0.60433232 0.60820278 0.61209933 0.61617617
 0.62008017 0.62401225 0.62794827 0.63176524 0.63559594 0.639435
 0.64322673 0.64712551 0.65097411 0.65458773 0.65810199 0.66156469
 0.66511114 0.6724083  0.67590318 0.67961419 0.68349037 0.68728195
 0.69126972 0.69532337 0.69925946 0.70317866 0.70713453 0.71088252
 0.71474034 0.71874943 0.7227648  0.72656246 0.73026752 0.73417221
 0.73809099 0.74197718 0.7457652  0.74965693 0.75352719 0.75752119
 0.76131347 0.77041004 0.77418743 0.77809513 0.78195961 0.78581432
 0.78977343 0.79356126 0.79742977]


***************************************************************


[13.7947867  13.7701622  13.7223838  13.75720606 13.7393751  13.72191782
 13.69946857 13.68375459 13.545505   13.53450028 13.52922898 13.50879083
 13.34683338 13.25179641 13.26016541 13.247611   13.19852217 13.15940484
 13.1040028  13.02325189 13.06143786 12.98314805 12.9610339  12.90668048
 12.94020771 12.90067028 12.91060691 12.88696842 12.91165302 12.91124926
 12.88438179 12.89766519 12.95071424 12.90376198 12.92490087 12.88053378
 12.93463055 12.97503511 12.92983241 12.96991992 13.01000383 12.93966769
 12.95534307 13.02540717 13.06816494 13.01394548 13.02543769 13.03938746
 13.05030149 13.07139228 13.08916518 13.03819275 13.11472102 13.13526352
 13.08805146 13.10584784 13.10722668 13.1562729  13.12292549 13.1200653
 13.14687246 13.14526513 13.11455339 13.15966149 13.15949633 13.15592354
 13.20862263 13.18263661 13.18966483 13.2323516  13.20156298 13.20912044
 13.24549159 13.2361882  13.25433118 13.24499608 13.24079158 13.24109312
 13.26374795 13.30377943 13.26525762 13.28670451 13.26850233 13.32362053
 13.28920611 13.30476323 13.34546934 13.31659921 13.34720468 13.35950038
 13.37788004 13.36809946 13.38718542 13.38616489 13.37940056 13.41556489
 13.38808043 13.40534658 13.40986076 13.44995252 13.4558044  13.45770924
 13.46725518 13.49327676 13.4638725  13.45276235 13.4838     13.49738484
 13.47731131 13.51885527 13.51903852 13.50716907 13.51564057 13.52207283
 13.53699938 13.50957591 13.52765607 13.51059491 13.53216152 13.50981476
 13.51780552 13.54968878 13.49553729 13.53794788 13.49322278 13.54026104
 13.56497109 13.58668403 13.53715936 13.55989962 13.55690226 13.56867344
 13.59165208 13.60206827 13.61449643 13.60670771 13.59305162 13.59530473
 13.58299083 13.65413894 13.64612693 13.66617744 13.65960652 13.6489991
 13.64365909 13.6767137  13.68268759 13.67622914 13.65750767 13.64873338
 13.68122187 13.63244143 13.65348613 13.67001353 13.70653887 13.66825927
 13.6214812  13.68877416 13.68009501 13.68684607 13.66350972 13.73174633
 13.68400864 13.75477391 13.73813997 13.69432888 13.71827865 13.72199438
 13.73326837 13.72696673 13.70268942 13.71274442 13.72747807 13.72392585
 13.69741913 13.72945905 13.75287753 13.78480682 13.76727938 13.75222352
 13.75848658 13.74442313 13.75870298 13.7751992  13.7969214  13.75118428
 13.79354497 13.73227078 13.73400911 13.74107854 13.71562088 13.66930657
 13.69290189 13.71472165 13.7510858 ]


***************************************************************


[[0.0014829  0.0013846  0.00130564 0.00139371 0.00126288 0.00128294
  0.00124461 0.00130584 0.00136168 0.00131325 0.00137786 0.00134694
  0.00122112 0.00123315 0.00124464 0.00131423 0.00120021 0.00115716
  0.00107755 0.00109765 0.00108647 0.00105506 0.00115881 0.00103269
  0.00102383 0.00104114 0.00102832 0.00105915 0.00104161 0.00107084
  0.00113377 0.00105077 0.00098859 0.00096136 0.00103662 0.00087729
  0.00096689 0.0010197  0.00096958 0.00106881 0.00102732 0.00109948
  0.00097719 0.00101291 0.0010091  0.0009276  0.00107043 0.00101949
  0.00095862 0.00098643 0.00113096 0.00117689 0.00110426 0.00124132
  0.00117499 0.00105063 0.00115955 0.00122303 0.00128574 0.00104325
  0.00128645 0.00118399 0.00099439 0.001171   0.00115569 0.00112481
  0.00128875 0.00116853 0.00132825 0.00122457 0.00121598 0.00117387
  0.00111812 0.00117498 0.00110535 0.00118174 0.00109954 0.00110057
  0.00111914 0.00113301 0.00112074 0.0011613  0.00116478 0.00115997
  0.0010954  0.00115265 0.00120804 0.00122708 0.00125938 0.0011417
  0.00135121 0.00106511 0.0011583  0.00113931 0.00102855 0.00107236
  0.00101002 0.00107544 0.00111051 0.00102619 0.00107196 0.00109196
  0.00120645 0.00117625 0.00108433 0.00107954 0.00098621 0.00110245
  0.00109619 0.00114559 0.0011217  0.00112561 0.00114755 0.00115861
  0.00114401 0.00167386 0.00178751 0.00145497 0.00169685 0.00167145
  0.00158675 0.00168896 0.00142994 0.00157823 0.00144831 0.00158638
  0.00170024 0.00166954 0.0016718  0.00183048 0.00187541 0.00158168
  0.00173064 0.00159294 0.00159537 0.00179622 0.00158658 0.00179391
  0.00172052 0.00158118 0.00183689 0.0015832  0.00177252 0.00170979
  0.001635   0.00160829 0.00152735 0.00164556 0.00162763 0.00144349
  0.00152131 0.00150267 0.00145903 0.001554   0.00155773 0.00151748
  0.00160895 0.00145484 0.0013966  0.00152258 0.00152788 0.0015967
  0.00160211 0.00145375 0.00156529 0.00161977 0.00139502 0.00142299
  0.00155416 0.00151043 0.00157031 0.00147998 0.00149556 0.00144753
  0.00137364 0.00138153 0.00136713 0.00131296 0.00139116 0.00138438
  0.00135482 0.00133045 0.00131756 0.00141795 0.00135077 0.00134256
  0.00138757 0.00131731 0.00139661 0.00149229 0.00128759 0.00120667
  0.0012273  0.00123994 0.00130029]]


***************************************************************


[2459659.39667542 2459659.39828661 2459659.39994959 2459659.40158535
 2459659.40328336 2459659.4048376  2459659.40640986 2459659.40799459
 2459659.41270034 2459659.41432738 2459659.41594782 2459659.41755171
 2459659.43050247 2459659.43211571 2459659.43369556 2459659.43525727
 2459659.43690701 2459659.43851624 2459659.44010064 2459659.44170639
 2459659.44334685 2459659.44493463 2459659.44651795 2459659.44812378
 2459659.44976098 2459659.45133624 2459659.45291361 2459659.45448216
 2459659.45613802 2459659.45773532 2459659.45931017 2459659.46517501
 2459659.46681916 2459659.4684441  2459659.47003815 2459659.47173714
 2459659.47339975 2459659.47504536 2459659.47669685 2459659.47835221
 2459659.47999457 2459659.48164608 2459659.48330942 2459659.48749657
 2459659.48909359 2459659.49065547 2459659.49226016 2459659.49381209
 2459659.49538667 2459659.49697282 2459659.4985483  2459659.50011001
 2459659.50170495 2459659.5032938  2459659.50483881 2459661.3768731
 2459661.37916855 2459661.38117713 2459661.3832127  2459661.38523955
 2459661.38727877 2459661.38921434 2459661.39123583 2459661.39322666
 2459661.39522668 2459661.39715464 2459661.39916155 2459661.40120094
 2459661.40315297 2459661.40517088 2459661.40716145 2459661.40920405
 2459661.41119019 2459661.41316404 2459661.41518696 2459661.41724273
 2459661.41921066 2459661.42125828 2459661.42322507 2459661.42520275
 2459661.42722123 2459661.42920685 2459661.43120611 2459661.43310566
 2459661.43514676 2459661.43710708 2459661.43914707 2459661.44117525
 2459661.44318191 2459661.44536704 2459661.44739935 2459661.45203191
 2459661.45433587 2459661.45651448 2459661.45870012 2459661.46084108
 2459661.46296791 2459661.46507498 2459661.46721652 2459661.46935402
 2459661.47148867 2459661.47360182 2459661.4758164  2459661.47799928
 2459661.48009662 2459661.4822558  2459661.48434093 2459661.48644593
 2459661.4885526  2459661.49062147 2459661.49265574 2459661.49471455
 2459661.49673112 2459661.49891201 2459661.50104734 2459663.36522272
 2459663.36716412 2459663.36899587 2459663.37087128 2459663.37284028
 2459663.37481348 2459663.37679407 2459663.37862056 2459663.38046034
 2459663.38243344 2459663.38431524 2459663.38627194 2459663.3882192
 2459663.39012868 2459663.39200642 2459663.39374424 2459663.39551273
 2459663.3973194  2459663.3991737  2459663.40095544 2459663.40274309
 2459663.40459487 2459663.40642495 2459663.40817453 2459663.41128271
 2459663.41306947 2459663.41487251 2459663.41669306 2459663.41844866
 2459663.42037216 2459663.42225933 2459663.4240192  2459663.42583081
 2459663.42765463 2459663.42956284 2459663.43139014 2459663.43323059
 2459663.43507288 2459663.43685946 2459663.43865245 2459663.44044936
 2459663.44222412 2459663.44404898 2459663.44585036 2459663.44754175
 2459663.44918663 2459663.45080738 2459663.45246734 2459663.45588285
 2459663.45751866 2459663.45925564 2459663.46106992 2459663.46284461
 2459663.46471112 2459663.46660847 2459663.4684508  2459663.47028522
 2459663.47213681 2459663.47389109 2459663.47569678 2459663.47757328
 2459663.47945271 2459663.48123024 2459663.48296443 2459663.48479206
 2459663.48662628 2459663.48844525 2459663.49021828 2459663.49203984
 2459663.49385135 2459663.49572079 2459663.4974958  2459663.50175354
 2459663.50352159 2459663.50535063 2459663.50715943 2459663.50896367
 2459663.51081677 2459663.5125897  2459663.51440039]


***************************************************************


[30344.87275607 34353.94024191 39002.63973755 34335.27371527
 40687.05677801 39355.64749942 41367.37118725 38242.59296285
 37384.96178995 39794.40607454 37048.88131354 38417.51312741
 46726.11558043 46313.87277679 46186.45399916 41500.37566013
 48941.3610443  52714.33124884 58813.38481377 58327.71786307
 59474.3808554  62440.83682623 53096.28987112 65657.28369568
 66829.31137571 64889.06548846 66567.11577274 63767.20930006
 64852.24910587 61888.42821619 56178.35112238 63554.88591183
 70812.02556659 75485.16055122 64252.91076762 87853.71091478
 73624.26029549 66806.62492849 73563.24317124 61349.25595419
 64712.18021689 58180.45768201 71516.05255343 65987.27006244
 64731.59484085 75332.51636778 59711.66520529 64267.0265008
 71922.78580883 68783.60744196 53508.1542039  51373.39302216
 56083.32313901 46128.12470752 50682.26868625 59988.44953658
 50910.31446492 46297.26800805 43566.90856137 61296.46827743
 42571.74520049 50087.27741328 66153.40497066 50333.91158495
 51627.8365776  54354.39573118 43086.01241101 51345.38304851
 41788.78995056 47096.09501808 47748.63188013 51005.9864311
 55060.15382476 50589.90390677 56373.10716488 50463.93158869
 56311.37522392 56404.16378122 55897.4917997  53068.68956581
 55806.0856325  52313.6150021  51705.14642089 51678.59495647
 57353.06235237 52094.24566147 48075.6620912  46917.3251185
 44334.61934052 52821.24530055 39705.34246291 59511.44847265
 51406.96684412 52512.54948945 61842.09202415 58677.84059623
 64082.87547739 58413.69857445 55255.04621429 62659.33897245
 57721.35642285 56816.05583593 47187.37878315 49366.95072178
 56769.81372651 57849.86172727 67055.10769538 55450.8374815
 56012.064178   51530.19864773 52831.53986679 53364.50276908
 51389.67397696 50396.5089434  51607.25328549 26673.59289317
 24409.97295474 32629.05581929 26429.09285049 27088.0212045
 29132.02481015 26519.00906916 34094.67517594 28933.77844616
 33261.56762286 29313.55194348 26150.43240972 26732.77924209
 27343.49645059 23402.43618502 22611.38202198 29393.57261899
 25581.22794411 29039.51416852 28784.93481676 24392.14547313
 29101.55252009 24203.63330316 25943.85741293 29261.87902451
 23393.1035623  28950.2418991  24549.04202693 25889.66439951
 27903.9125454  28572.73547052 31023.68335634 27715.05494247
 28078.18229535 33940.65353569 31054.66415231 32023.07520854
 33630.22039338 30420.25692431 30043.18011493 31544.23540517
 28755.58272323 33470.52678425 35581.38200319 31049.13695977
 31190.51314345 28807.77551596 28759.24556665 33036.08931108
 29434.618495   28128.63974491 35353.84573401 34347.19454258
 29906.30929284 31139.15557802 29584.34987293 32376.89472826
 31610.44828564 33409.46844846 36528.73225421 36217.11719724
 36629.18792146 38613.79871671 35476.808743   35457.97724917
 37216.73814878 38124.90567962 38677.85781891 34245.41536045
 36862.87477848 37576.12345147 35194.39501165 39258.5721718
 35608.87720462 31963.04164848 40648.64608029 45448.2572863
 44011.06212259 43406.80867249 39925.07809368]


***************************************************************


[[3.261982   3.55806955 3.91130559 3.58416909 4.02530378 3.91922319
  3.99794508 3.77644032 3.71584144 3.87653991 3.71957165 3.79065255
  4.28396825 4.23388927 4.25298545 3.92290934 4.3631957  4.58834614
  4.86255173 4.871581   4.94339766 5.04252888 4.56194213 5.21223409
  5.29216166 5.18180548 5.26821545 5.13813972 5.17310128 5.02405728
  4.72743367 5.09750438 5.46751265 5.71914331 5.09467557 6.22001245
  5.59999254 5.27630176 5.60984639 4.98650621 5.13935841 4.80007325
  5.47447994 5.197081   5.09029419 5.58066798 4.87235201 5.07594331
  5.47425755 5.35734478 4.5317782  4.46099224 4.71469655 4.17024758
  4.40497182 4.85200379 4.37964308 4.11454655 4.00915241 4.95101051
  3.90692945 4.4069199  5.20194149 4.38686305 4.46875068 4.6261767
  4.01022465 4.50007291 3.95645798 4.27520445 4.31399343 4.5018348
  4.72800971 4.47292521 4.83025063 4.49635065 4.79107354 4.79411811
  4.82991592 4.62334959 4.84269165 4.64022675 4.58743973 4.59668775
  4.89285127 4.59310798 4.39500474 4.31852055 4.15119312 4.67537119
  3.87766801 5.03983412 4.60018935 4.66304935 5.11240755 5.01722689
  5.29289837 5.01145214 4.84103223 5.23867403 4.96135224 4.95233984
  4.36731372 4.5314109  4.91936699 5.01687435 5.52977916 4.89342762
  4.90231096 4.65314374 4.71749662 4.77274109 4.66036885 4.60914284
  4.69191636 2.8874933  2.71778506 3.27122834 2.86249311 2.91555264
  3.09643843 2.90292982 3.40333016 3.04309389 3.35247675 3.12687823
  2.8840781  2.9159386  2.98953648 2.66593594 2.62248095 3.11409271
  2.85533021 3.14609799 3.092248   2.76456189 3.13800588 2.75674924
  2.89767979 3.17996017 2.71616614 3.15870491 2.81387616 2.92133309
  3.09775864 3.17204967 3.35585957 3.10005715 3.13163786 3.5549977
  3.35771263 3.43579223 3.55838352 3.32549076 3.29487037 3.40334693
  3.18491769 3.55265831 3.70183982 3.37608483 3.39539138 3.2101716
  3.19730292 3.5279331  3.25426612 3.1583274  3.68944163 3.62193654
  3.29653887 3.38126279 3.26655961 3.48739628 3.42700721 3.56200226
  3.78872588 3.77061225 3.81766489 3.94815578 3.71593858 3.70737667
  3.84710253 3.9011391  3.92962597 3.63130417 3.84032891 3.86900525
  3.70089264 3.99062596 3.75277294 3.46278138 4.07581624 4.35723319
  4.27537227 4.26360401 4.04092991]]