Green


***************************************************************


[0.         0.01154224 0.02313015 0.03471191 0.04622985 0.05776403
 0.06927467 0.08080686 0.0924188  0.10396719 0.11549953 0.12705797
 0.13861176 0.15517332 0.166667   0.17822919 0.18978707 0.20133021
 0.21308839 0.22474281 0.23636211 0.24789392 0.25941314 0.27102021
 0.28256069 0.29410274 0.3057508  0.32208907 0.3336934  0.34529991
 0.35683405 0.36834071 0.37985348 0.39139463 0.40298768 0.41451957
 0.42616706 0.43773423 0.44923845 0.46079108 0.50949289 0.52120101
 0.53273332 0.54429468 0.55589459 0.56750335 0.57910101 0.59067879
 0.60223929 0.61381149 0.62542145 0.63702942 0.64862018 0.66024378
 0.67630047 0.68780188 0.69937115 0.71091328 0.72243362 0.73403023
 0.74558822 0.75720144 0.76877113 0.78031063 0.79187162 0.80338375
 0.81494875 0.82653827 0.85150798 0.86304036 0.87470116 0.88625379
 0.89772689 0.9092659  0.92087969 0.93241431 0.94400252 0.95559613
 0.96717201 0.97882268 0.99049481 0.00207608 0.02600218 0.03763085
 0.0492903  0.06082804]


***************************************************************


[13.85208083 13.86832552 13.82909768 13.85737185 13.88953175 13.83885498
 13.79349388 13.74704998 13.79995431 13.74102762 13.72692665 13.60401199
 13.53901854 13.6017228  13.48445617 13.45775339 13.37078085 13.37456645
 13.31292558 13.31418957 13.35312448 13.39685445 13.36936335 13.34256338
 13.40967214 13.29496115 13.32884558 13.27322492 13.31418884 13.28874962
 13.28180935 13.3716228  13.32519188 13.37231971 13.36057092 13.34670418
 13.31733272 13.44353211 13.4798887  13.42944759 13.47123943 13.52128185
 13.50665729 13.54152948 13.43510888 13.60241806 13.5408212  13.55879414
 13.5616521  13.60207081 12.96084772 13.6412554  13.54170508 13.59958238
 13.65541142 13.04939075 13.70457295 13.45206103 13.71186308 13.37667441
 13.13700353 12.6400788  13.43793978 13.42941224 13.4202201  13.10708721
 13.62798299 13.82590421 13.83411223 13.42683427 13.84366298 13.24730758
 13.88808165         nan 13.21115582 12.60876556 12.67980091 13.94601648
         nan 13.27111958 13.49162934         nan 12.87331482 13.93456345
         nan         nan]


***************************************************************


[[0.00156407 0.00148705 0.00154564 0.00151656 0.00163694 0.00168843
  0.00156792 0.00172142 0.00182733 0.0014     0.00185147 0.0018289
  0.00185821 0.00187404 0.00161062 0.00146608 0.00176543 0.00174325
  0.00174418 0.00188084 0.0018971  0.00203333 0.00183149 0.00207763
  0.00173818 0.00214227 0.00173024 0.00203382 0.00188336 0.00209347
  0.00212793 0.00227429 0.00198694 0.00181792 0.00188608 0.00199975
  0.00194634 0.00237011 0.00228435 0.00203731 0.00221559 0.00220398
  0.00211217 0.00208672 0.00209555 0.00209793 0.00226352 0.0023327
  0.00218716 0.00223914 0.00206693 0.00199025 0.00202099 0.00207307
  0.00180243 0.00163301 0.00163306 0.00168028 0.001509   0.00179219
  0.00153644 0.00148573 0.0015117  0.00155542 0.00161075 0.00145563
  0.0016842  0.00156048 0.00173669 0.00142778 0.00149429 0.00146226
  0.00143649        nan 0.00161122 0.00136259 0.00174245 0.00134576
         nan 0.00161358 0.00167451        nan 0.00158293 0.00191187
         nan        nan]]


***************************************************************


[2459921.34881799 2459921.35238084 2459921.3559578  2459921.35953286
 2459921.36308822 2459921.36664859 2459921.37020169 2459921.37376145
 2459921.37734582 2459921.38091058 2459921.38447038 2459921.38803824
 2459921.39160466 2459921.39671689 2459921.40026476 2459921.40383377
 2459921.40740146 2459921.41096459 2459921.41459411 2459921.4181916
 2459921.42177824 2459921.42533788 2459921.42889363 2459921.4324765
 2459921.43603882 2459921.43960162 2459921.44319714 2459921.44824044
 2459921.45182247 2459921.45540516 2459921.45896552 2459921.4625174
 2459921.46607116 2459921.46963368 2459921.47321222 2459921.47677189
 2459921.48036723 2459921.48393779 2459921.48748891 2459921.49105498
 2459921.50608825 2459921.50970231 2459921.51326211 2459921.51683087
 2459921.52041153 2459921.52399492 2459921.52757488 2459921.53114872
 2459921.53471721 2459921.53828932 2459921.54187308 2459921.54545623
 2459921.54903406 2459921.55262204 2459921.55757841 2459921.56112867
 2459921.56469987 2459921.5682627  2459921.5718188  2459921.57539844
 2459921.57896616 2459921.58255093 2459921.58612226 2459921.58968427
 2459921.59325292 2459921.59680648 2459921.60037637 2459921.60395382
 2459921.61166147 2459921.61522128 2459921.61882074 2459921.62238681
 2459921.62592832 2459921.62949019 2459921.63307513 2459921.63663564
 2459921.64021269 2459921.6437914  2459921.64736464 2459921.65096097
 2459921.65456392 2459921.65813883 2459921.66552434 2459921.66911388
 2459921.67271292 2459921.67627439]


***************************************************************


[28785.09500073 31410.92624409 29278.56576081 30312.39764428
 26550.47610516 25329.09970785 28856.55044619 24560.4443017
 22080.28415783 34762.78210455 21672.99680978 22069.67184647
 22022.81280046 21507.85845357 27825.08823156 32896.6846297
 23787.89131168 24647.01415752 24786.8723193  22113.91997772
 21512.49123483 18762.18385594 22462.65970808 18173.90067045
 25204.96138871 17793.5805919  24232.07819733 19107.65883632
 21591.98039142 17837.16146527 17180.35176418 15551.40565383
 19339.82998588 22805.1157973  22079.11234255 20523.33404059
 20665.61690533 14353.49760762 15423.92254114 18853.72269429
 15834.60488596 15787.56668044 17350.415103   17666.52614017
 17666.65201916 16948.0929046  15850.70138468 14761.22889125
 15804.10581035 15468.75859772 19328.901007   21262.93342705
 19360.55364808 17795.7469655  21458.70872828 26992.11266563
 25176.65663621 24130.21824695 28268.5687315  21614.23979491
 28888.40960057 33400.79620644 28494.19407858 28234.42049594
 26043.72356883 31406.73150559 22718.79285829 25608.08047103
 22189.9048248  33537.73180018 28110.63792258 33094.36515145
 29699.68903203            nan 27809.43342297 38829.46182428
 26196.40506638 31617.58484322            nan 23396.80671817
 23080.369476              nan 26544.66217712 18914.89936749
            nan            nan]


***************************************************************


[[3.25019043 3.43569958 3.27839928 3.35271459 3.08424352 2.98865686
  3.24611602 2.91745929 2.71433541 3.62072589 2.66375578 2.67444308
  2.69078371 2.64467106 3.09140099 3.43502567 2.77605321 2.85883193
  2.81248243 2.6076778  2.55125743 2.36623598 2.67513078 2.31202451
  2.82365419 2.22750001 2.72716492 2.32190405 2.55073758 2.26711489
  2.19869626 2.06590758 2.3888552  2.63619738 2.51891631 2.39578735
  2.48237685 1.94187132 2.02513763 2.31366074 2.08451382 2.06888333
  2.15999564 2.19960786 2.18779939 2.1738518  2.0437263  1.90759365
  2.06919967 2.02523596 2.20204893 2.33363376 2.28998825 2.24423148
  2.55987715 2.73087716 2.84230305 2.63508009 3.01795092 2.44485178
  2.81591996 2.9537524  2.91156968 2.90952805 2.72781179 2.98024462
  2.4351611  2.82512856 2.55102362 3.22376769 3.02988449 3.22478731
  3.13077185        nan 2.82362301 3.33821425 2.41150343 3.35335969
         nan 2.24838153 2.43981972        nan 2.28996304 2.01693298
         nan        nan]]