Red


***************************************************************


[0.         0.01156504 0.02314136 0.0347112  0.04623904 0.05775425
 0.06929495 0.08080866 0.09245    0.10398586 0.1155245  0.12708245
 0.1386124  0.1551912  0.16669021 0.17822799 0.18981182 0.20132012
 0.213054   0.22468623 0.23635457 0.24789883 0.25943871 0.27102298
 0.28259121 0.2941174  0.30573366 0.3220948  0.33367728 0.34530831
 0.35685621 0.36837723 0.37983867 0.39141795 0.40302258 0.41455376
 0.4261455  0.4377114  0.44926972 0.46078231 0.50962773 0.52122868
 0.53274783 0.54432243 0.55591011 0.56753897 0.57910322 0.59069784
 0.60225399 0.61383766 0.6254336  0.63705417 0.64865085 0.66024067
 0.6763275  0.68783765 0.69940745 0.71095565 0.7224665  0.73405321
 0.74559553 0.75724201 0.76873505 0.78032743 0.79189764 0.80340999
 0.81497346 0.82657374 0.85151829 0.86307662 0.87469767 0.88625443
 0.89775148 0.90930122 0.92088688 0.93244648 0.94403758 0.95561375
 0.9671951  0.97882692 0.99053425 0.00210274 0.02602716 0.0376469
 0.04927508 0.06085883]


***************************************************************


[13.78268864 13.7472261  13.75127537 13.74267532 13.73305689 13.69895998
 13.68663531 13.6682851  13.6558429  13.58655745 13.61016779 13.62026553
 13.51316739 13.50485756 13.43439713 13.36044603 13.38794007 13.30293484
 13.29198369 13.31372998 13.32071391 13.3529609  13.36090268 13.32617896
 13.25424789 13.31629741 13.21255568 13.30274234 13.31463146 13.281835
 13.30163524 13.31164514 13.31058722 13.269923   13.34089151 13.35610734
 13.35423006 13.3849209  13.36338732 13.37368232 13.48721528 13.43369539
 13.36241986 13.41214179 13.48545495 13.44828673 13.37481636         nan
 13.47687106 13.54476265 13.5348294  13.48734641 13.53967515 13.58953346
 13.56028104 13.56785409 13.59855418 13.69995797 13.57314033 13.6967093
 13.68212344 13.7183958  13.72188429 13.77445983 13.71357813 13.7731441
 13.73067586 13.73984947 13.75675121 13.67336085 13.70393443 13.76573202
 13.71335788         nan 13.93034147 13.76577979 13.69996659 13.82221155
 13.63581801         nan 13.71540108 13.63370483         nan         nan
         nan         nan]


***************************************************************


[[0.00961109 0.00969131 0.0102016  0.01022505 0.00898508 0.00894641
  0.01001787 0.01007876 0.00918611 0.01105361 0.01042633 0.0102969
  0.01105574 0.01102901 0.01169127 0.01106674 0.01078589 0.01200972
  0.01182057 0.01247089 0.0122832  0.01275508 0.01140323 0.01327919
  0.01201095 0.01169105 0.01022939 0.01261808 0.01292983 0.01283332
  0.01303307 0.01308283 0.01238824 0.01229806 0.01143962 0.01145867
  0.01324189 0.01428941 0.01197277 0.01346355 0.01231682 0.01236483
  0.01088613 0.01149362 0.01134811 0.01292061 0.01317362 0.01152086
  0.01182782 0.01295182 0.0108285  0.01176209 0.01111479 0.0117104
  0.00997    0.01074574 0.01052688 0.00870638 0.00946367 0.00804889
  0.00935152 0.00846217 0.00839698 0.00698117 0.00926818 0.00797406
  0.00831982 0.00839689 0.00744069 0.00931439 0.00847373 0.00847942
  0.00915577        nan 0.00867905 0.00967626 0.00830295 0.00912605
  0.00867495 0.01027739 0.00816138 0.0096318         nan        nan
         nan        nan]]


***************************************************************


[2459921.34851404 2459921.35208394 2459921.35565731 2459921.35922869
 2459921.36278711 2459921.36634162 2459921.369904   2459921.37345806
 2459921.3770515  2459921.3806124  2459921.38417414 2459921.38774185
 2459921.39130091 2459921.39641846 2459921.39996797 2459921.40352946
 2459921.40710515 2459921.41065753 2459921.41427955 2459921.41787019
 2459921.42147197 2459921.42503545 2459921.42859758 2459921.43217341
 2459921.43574429 2459921.4393022  2459921.44288791 2459921.44793826
 2459921.45151354 2459921.45510381 2459921.45866841 2459921.46222472
 2459921.46576264 2459921.46933693 2459921.47291905 2459921.4764785
 2459921.48005663 2459921.48362679 2459921.48719462 2459921.49074832
 2459921.50582593 2459921.50940691 2459921.51296264 2459921.51653549
 2459921.52011237 2459921.52370197 2459921.52727162 2459921.53085065
 2459921.5344178  2459921.53799345 2459921.54157288 2459921.54515992
 2459921.54873958 2459921.55231713 2459921.55728281 2459921.56083576
 2459921.56440713 2459921.56797183 2459921.571525   2459921.57510159
 2459921.57866447 2459921.5822595  2459921.58580718 2459921.58938551
 2459921.592957   2459921.59651064 2459921.60008005 2459921.60366082
 2459921.61136071 2459921.61492853 2459921.61851572 2459921.62208306
 2459921.62563197 2459921.62919714 2459921.6327734  2459921.63634162
 2459921.63991956 2459921.64349289 2459921.64706782 2459921.65065833
 2459921.65427215 2459921.65784311 2459921.6652281  2459921.66881488
 2459921.67240427 2459921.67597994]