Blue


***************************************************************


[0.         0.01150628 0.02309667 0.03467404 0.04622554 0.05772894
 0.06925359 0.08078653 0.09238427 0.10392598 0.1154698  0.12702407
 0.13858634 0.15515015 0.16664957 0.17819582 0.18977297 0.20148994
 0.21306862 0.22471938 0.23632435 0.24787536 0.2593933  0.27098365
 0.28251614 0.29406495 0.3057157  0.32206845 0.33367267 0.34528866
 0.35679059 0.36830212 0.37981249 0.39137521 0.40297905 0.41450138
 0.42612626 0.43768984 0.44919946 0.46075925 0.50959713 0.521173
 0.53270744 0.54425193 0.5558974  0.56747043 0.57912594 0.59063852
 0.60223164 0.61380789 0.62539711 0.63698592 0.64857188 0.66020857
 0.67629694 0.68775516 0.69934464 0.71086573 0.72240284 0.733993
 0.74559036 0.75715359 0.76876385 0.78026192 0.79182025 0.80338671
 0.81491406 0.82649612 0.85146561 0.86305007 0.8746595  0.88620909
 0.89771511 0.90931116 0.92083986 0.93241578 0.94395854 0.95555091
 0.96714613 0.9787826  0.99050759 0.0020132  0.02598205 0.03764326
 0.04928449 0.06078717]


***************************************************************


[14.07545249 14.01605674 14.00916635 13.99905725 13.94905983 14.01376477
 13.92948272 13.92991932 13.88074691 13.85786638 13.85666769 13.77992673
 13.70977339 13.61846396 13.51742016 13.50395662 13.48181599 13.41784775
 13.42143134 13.39948783 13.3912396  13.4609854  13.43417101 13.48981665
 13.4217062  13.44054069 13.41322508 13.39166593 13.34875063 13.35794888
 13.42794963 13.3896914  13.40289094 13.33643452 13.42874329 13.39784184
 13.48452367 13.51583752 13.57277199 13.48874968 13.62258417 13.61964075
 13.62618362 13.601861   13.65486887 13.74894994 13.61626868 13.70155099
 13.67167365         nan 13.74575577 13.69710646 13.76310827 13.83163985
 13.8271404  13.8862459  13.85307896 13.91593535 13.94235681 13.85363493
 13.84783861 13.92396891 13.95889433 13.9320254  13.83852664 13.96079104
 14.07264913 13.85763825 13.96829245 13.99240459 13.94924929 13.93947781
 13.94278313 13.97355936 13.92511396 14.05064937         nan         nan
 13.92423544 13.85898726         nan         nan         nan 13.90483233
         nan         nan]


***************************************************************


[[0.00173597 0.05703614 0.0612349  0.06943121 0.09124315 0.05352097
  0.07107334 0.03604451 0.08763331 0.06872682 0.08878813 0.05528905
  0.04125437 0.07723302 0.07220994 0.09360368 0.07372432 0.06400629
  0.05679929 0.05790684 0.07847493 0.02733432 0.06766188 0.06330414
  0.06249965 0.04654617 0.12516678 0.04754311 0.04669693 0.0631013
  0.07034893 0.12185042 0.05231575 0.08328974 0.11690982 0.03989729
  0.11224628 0.09713452 0.08944322 0.09571591 0.04381472 0.07646911
  0.14389045 0.05648459 0.05637294 0.06709254 0.06852472 0.05782233
  0.08235173 0.85488904 0.06571302 0.08059    0.03565069 0.08183752
  0.23404825 0.15169292 0.17765435 0.15656554 0.19048972 0.19788336
  0.16106456 0.14666211 0.19323842 0.21173331 0.11551662 0.18843798
  0.17435898 0.51254629 0.09274869 0.08086323 0.09758484 0.10390186
  0.11615594 0.1159704  0.04305123 0.10254524 0.0387418  0.02239131
  0.0820696  0.06767256 0.41913188 1.1698329         nan 0.00204756
         nan        nan]]


***************************************************************


[2459921.34912453 2459921.35267628 2459921.356254   2459921.35982771
 2459921.36339343 2459921.36694429 2459921.37050172 2459921.37406171
 2459921.3776417  2459921.3812044  2459921.38476774 2459921.38833432
 2459921.39190336 2459921.39701627 2459921.40056591 2459921.40413001
 2459921.40770365 2459921.41132044 2459921.41489455 2459921.4184909
 2459921.42207312 2459921.42563869 2459921.42919405 2459921.43277176
 2459921.43633161 2459921.43989649 2459921.44349285 2459921.44854061
 2459921.4521226  2459921.45570823 2459921.45925865 2459921.46281203
 2459921.46636505 2459921.46993422 2459921.4735161  2459921.47707281
 2459921.48066118 2459921.48423062 2459921.48778341 2459921.49135169
 2459921.50642697 2459921.51000021 2459921.51356066 2459921.51712421
 2459921.52071894 2459921.5242913  2459921.52788912 2459921.53144282
 2459921.53502139 2459921.53859475 2459921.54217211 2459921.54574934
 2459921.54932569 2459921.55291771 2459921.55788387 2459921.56142079
 2459921.56499823 2459921.56855456 2459921.57211583 2459921.57569348
 2459921.57927336 2459921.5828427  2459921.58642655 2459921.58997578
 2459921.5935436  2459921.59711394 2459921.6006722  2459921.60424735
 2459921.61195493 2459921.61553082 2459921.61911442 2459921.62267955
 2459921.62623123 2459921.62981069 2459921.63336938 2459921.63694263
 2459921.64050565 2459921.64408398 2459921.64766319 2459921.65125514
 2459921.65487441 2459921.65842596 2459921.66582466 2459921.66942425
 2459921.67301766 2459921.67656831]