Luminance


***************************************************************


[0.         0.02930853 0.03280572 0.04095002 0.0443321  0.05249833
 0.05592042 0.06409112 0.0674843  0.07563302 0.07901405 0.08714403
 0.09052727 0.09869272 0.10205733 0.11020395 0.1136689  0.12183367
 0.12521091 0.13337617 0.13673429 0.14490652 0.14829333 0.15647302
 0.15982526 0.16798422 0.17142352 0.17957025 0.18794016 0.19606818
 0.19946748 0.20761676 0.21103409 0.21920276 0.2225857  0.23071406
 0.23430957 0.24244997 0.24589512 0.25407369 0.25759953 0.2657346
 0.26914927 0.2772834  0.28066983 0.28883198 0.29225696 0.30041783
 0.30381431 0.31196839 0.31536056 0.32352019 0.32696452 0.33510383
 0.33858062 0.34672496 0.35489801 0.36307261 0.36650925 0.37467154
 0.37809554 0.38624475 0.38961315 0.3977558  0.40108824 0.4092295
 0.41267018 0.42081549 0.42425056 0.43240157 0.43580787 0.44395014
 0.44737576 0.45553637 0.45893037 0.4670849  0.47047389 0.47863352
 0.48203716 0.49018195 0.49361727 0.50176798 0.54248189 0.55062518
 0.55397861 0.56213712 0.56556757 0.57372237 0.57715117 0.58531358
 0.5887813  0.59693827 0.60032856 0.60849247 0.61198059 0.62010408
 0.62345549 0.6316155  0.63506826 0.64323918 0.64666513 0.6548248
 0.65826455 0.66644871 0.6698768  0.67803463 0.68145923 0.68962426
 0.69304459 0.70124412 0.70908092 0.71721734 0.72059642 0.72875332
 0.73218415 0.74031427 0.743689   0.75182543 0.75528876 0.76344918
 0.76683044 0.77499753 0.77846278 0.78663066 0.78999029 0.79813215
 0.8015674  0.80971841 0.81311384 0.82126683 0.82466463 0.8328156
 0.83618752 0.84432668 0.84782286 0.85595017 0.85932926 0.8674611
 0.88429608 0.8924706  0.89589561 0.90405753 0.90749582 0.91564267
 0.91903338 0.92715401 0.93054153 0.93870236 0.94215715 0.95028844
 0.9536637  0.96183728 0.96527313 0.97342316 0.97680213 0.98497174
 0.98841659 0.99659561 0.99997604 0.00818247 0.01169159 0.01988005
 0.02333352 0.03150351 0.03480078 0.04293979 0.05882437 0.06704122
 0.07047298 0.07867266 0.0821123  0.09025892 0.09358427 0.1017325 ]


***************************************************************


[13.84333195 13.88246995 13.75982963 13.80562119 13.8304884  13.83947315
 13.81074082 13.81077579 13.77634176 13.71057224 13.73001717 13.78066351
 13.79797707 13.7681469  13.64546367 13.65233986 13.74515449 13.67985801
 13.72227005 13.63715488 13.65988235 13.61113527 13.50934023 13.5289844
 13.56021684 13.47012833 13.45630207 13.4402356  13.42119573 13.40200056
 13.45841245 13.42317028 13.36972098 13.3059803  13.31467481 13.30106043
 13.33506969 13.4074788  13.23437789 13.30765091 13.36093683 13.30552103
 13.31595965 13.32141975 13.30076648 13.36653444 13.36142736 13.40059602
 13.20298482 13.4052019  13.22616386 13.34487697 13.27948237 13.27506707
 13.32258838 13.32931141 13.24606472 13.3825983  13.27280869 13.27331014
 13.34690097 13.25178395 13.22506612 13.29291953 13.25059684 13.26108751
 13.32829801 13.24594377 13.27528091 13.2647223  13.20573333 13.36807013
 13.33662731 13.3389605  13.29115763 13.39515685 13.38220919 13.44623334
 13.33734937 13.48637452 13.35731055 13.316244   13.50806541 13.38453968
 13.49585529 13.56002901 13.33901105 13.61837487 13.42723887 13.44752627
 13.52582066 13.54249477 13.4068076  13.37385032 13.61408965 13.59171784
 13.42321125 13.43121455 13.39963812 13.50156425 13.49758235 13.38069277
 13.55416505 13.41300435 13.4775515  13.48835367 13.43656589 13.44035815
 13.51621042 13.52221134 13.61836946 13.43956983 13.32637281 13.54986129
 13.37125978 13.47281953 13.50326494 13.61781743 13.54695969 13.57301371
 13.68565191 13.51610845 13.47210853 13.63964518 13.33193462 13.79236755
 13.56672363 13.49262817 13.66020674 13.40084818 13.48836391 13.56950322
 13.48918519 13.75160131 13.5637592          nan         nan 13.69883034
 16.88835597         nan         nan         nan         nan         nan
         nan         nan         nan         nan         nan 16.51481855
         nan         nan         nan         nan         nan         nan
         nan         nan         nan         nan         nan         nan
         nan         nan         nan         nan         nan         nan
         nan         nan         nan         nan         nan         nan]


***************************************************************


[[0.00153088 0.00202978 0.00181136 0.00172571 0.00163207 0.00176543
  0.00187141 0.00190834 0.00175175 0.00193838 0.00171422 0.00182335
  0.00173065 0.00195386 0.00200189 0.00188061 0.00204782 0.00214435
  0.00209905 0.00190072 0.00222964 0.00200944 0.00191812 0.00193323
  0.0023766  0.00203801 0.00212686 0.00202463 0.00206885 0.00160491
  0.00174603 0.00189002 0.00190563 0.00157269 0.00175341 0.00177261
  0.00203057 0.00240354 0.00202109 0.00206913 0.00219025 0.00211871
  0.00196355 0.00174186 0.00216732 0.00201635 0.00208857 0.00254177
  0.00195106 0.00226349 0.00236859 0.002246   0.0023676  0.00207801
  0.0019629  0.00187572 0.00218062 0.0022386  0.00237725 0.00226456
  0.00247741 0.0021115  0.00237736 0.00264555 0.00242191 0.00233619
  0.00216029 0.00213139 0.00205192 0.00197359 0.00223386 0.00202659
  0.00198799 0.00248661 0.00247336 0.0026364  0.00248076 0.00225323
  0.00219999 0.00254043 0.00221755 0.00226108 0.00215716 0.00246454
  0.00195561 0.00254023 0.00248451 0.00216331 0.00218324 0.00238696
  0.00230166 0.00236681 0.00287832 0.00293223 0.0021067  0.00277326
  0.0023975  0.00263275 0.00237633 0.00243814 0.00267097 0.00222659
  0.00208168 0.00202472 0.00210459 0.00275927 0.00205623 0.00173613
  0.00222497 0.00245672 0.0017098  0.0021233  0.00166598 0.00261218
  0.00202667 0.00194957 0.00174158 0.00182912 0.00196696 0.00174126
  0.00183991 0.00189625 0.00199393 0.00189178 0.00221736 0.0017741
  0.00211911 0.00159902 0.00161896 0.00162194 0.00158945 0.00166697
  0.0016041  0.00156442 0.0017327         nan        nan 0.00232216
  0.00577817        nan        nan        nan        nan        nan
         nan        nan        nan        nan        nan 0.00589441
         nan        nan        nan        nan        nan        nan
         nan        nan        nan        nan        nan        nan
         nan        nan        nan        nan        nan        nan
         nan        nan        nan        nan        nan        nan]]


***************************************************************


[2459921.33929677 2459921.34834373 2459921.34942324 2459921.35193722
 2459921.3529812  2459921.35550196 2459921.35655829 2459921.35908042
 2459921.36012782 2459921.36264317 2459921.36368683 2459921.36619639
 2459921.36724073 2459921.36976124 2459921.37079983 2459921.37331453
 2459921.37438409 2459921.37690439 2459921.37794688 2459921.38046733
 2459921.38150391 2459921.38402652 2459921.38507196 2459921.38759686
 2459921.38863163 2459921.39115014 2459921.39221178 2459921.39472652
 2459921.39731014 2459921.3998191  2459921.40086839 2459921.40338391
 2459921.40443877 2459921.40696028 2459921.40800453 2459921.41051359
 2459921.41162345 2459921.41413623 2459921.41519968 2459921.41772424
 2459921.41881259 2459921.42132373 2459921.42237777 2459921.42488861
 2459921.42593394 2459921.42845343 2459921.42951065 2459921.43202975
 2459921.43307817 2459921.43559517 2459921.43664227 2459921.43916098
 2459921.44022418 2459921.44273662 2459921.44380984 2459921.44632383
 2459921.44884669 2459921.45137002 2459921.45243084 2459921.45495038
 2459921.4560073  2459921.4585228  2459921.45956256 2459921.46207603
 2459921.46310469 2459921.46561773 2459921.4666798  2459921.4691941
 2459921.47025443 2459921.47277049 2459921.47382194 2459921.4763353
 2459921.47739272 2459921.47991174 2459921.4809594  2459921.48347654
 2459921.48452265 2459921.48704137 2459921.488092   2459921.49060613
 2459921.49166655 2459921.49418251 2459921.50675008 2459921.50926375
 2459921.51029889 2459921.51281726 2459921.51387617 2459921.51639339
 2459921.51745179 2459921.51997137 2459921.52104178 2459921.52355968
 2459921.52460619 2459921.52712623 2459921.52820294 2459921.5307105
 2459921.53174501 2459921.53426384 2459921.53532964 2459921.53785184
 2459921.53890936 2459921.54142809 2459921.54248987 2459921.54501616
 2459921.54607434 2459921.5485925  2459921.54964961 2459921.55216999
 2459921.55322578 2459921.55575681 2459921.55817587 2459921.56068742
 2459921.56173047 2459921.56424834 2459921.56530737 2459921.56781698
 2459921.56885869 2459921.57137024 2459921.57243931 2459921.57495826
 2459921.57600199 2459921.57852301 2459921.57959266 2459921.58211392
 2459921.58315097 2459921.5856642  2459921.58672459 2459921.58924065
 2459921.59028875 2459921.59280542 2459921.59385425 2459921.59637029
 2459921.59741113 2459921.59992353 2459921.60100273 2459921.60351147
 2459921.60455453 2459921.60706466 2459921.61226128 2459921.6147846
 2459921.61584183 2459921.61836125 2459921.61942258 2459921.62193735
 2459921.62298399 2459921.62549067 2459921.62653633 2459921.62905542
 2459921.63012184 2459921.63263181 2459921.63367368 2459921.6361967
 2459921.63725728 2459921.63977303 2459921.64081605 2459921.64333785
 2459921.6444012  2459921.6469259  2459921.64796937 2459921.65050253
 2459921.65158573 2459921.65411334 2459921.65517936 2459921.65770127
 2459921.65871907 2459921.66123142 2459921.66613468 2459921.66867105
 2459921.66973037 2459921.67226145 2459921.67332319 2459921.67583789
 2459921.67686436 2459921.67937956]


***************************************************************


[29017.98297316 20039.27766407 23601.41196251 25316.53061755
 27044.10143402 24534.60399829 22666.41710136 22171.59540625
 25057.52367442 21903.49227525 25539.47769048 23268.58326413
 25167.95262997 21549.44184241 21324.98735627 23217.73542181
 20396.20393928 19269.4853657  19753.64735449 22921.26428569
 18574.6774168  21314.25628227 22681.57556241 22460.24536216
 17498.15647493 21164.12045564 20168.16731325 21564.8317902
 20991.94357572 30102.09334811 26051.29107751 24190.7669045
 23916.90264571 31527.56557725 26818.1919659  26842.97095478
 21824.33981314 17637.96243701 22598.01866691 21066.59406175
 19478.357977   20572.16040363 22799.38724105 26773.08994948
 20098.69940776 22010.08767333 20748.73048998 16486.32812869
 23079.56665216 18898.44916878 18806.22052882 19173.44633302
 18959.9728606  20643.48727451 22926.83689582 24490.36036477
 20306.49111003 18837.85402357 18152.14099738 18983.02189238
 16938.00959584 21360.10906906 18931.33522212 15865.37439335
 18416.2747155  19111.81746403 20783.70831918 19818.46982822
 21285.64012568 22019.02323183 18561.14095718 21346.30495084
 23074.99941472 16888.1971167  17377.47028654 15831.0974781
 16796.75629941 18505.0274015  19253.1307799  15729.63506129
 18977.05615666 18817.74277635 20308.18594673 16530.84718732
 21914.96980477 15931.30831859 17997.34305936 19094.3921141
 19199.45187418 17436.18352787 17783.29595966 17673.77790656
 15019.368801   14309.06253676 20439.56040818 14476.92580784
 17509.13241268 15322.7660934  17755.1234009  16505.22019018
 15054.4847576  19506.41069374 19865.98350855 22261.58364172
 19505.00955337 14533.39024292 21221.33729545 26014.03743915
 18661.41790512 16203.88707036 24941.73053442 19283.35120838
 26278.20686857 15263.36371663 20093.50500711 20133.55134256
 23683.63349929 22496.64297934 20985.17724115 23828.53779738
 21362.69338689 20809.07281395 20014.02652484 21621.57061425
 19289.68483955 22007.5953164  17442.75266628 26735.41080926
 26534.16934734 26465.68703476 27059.97666692 23929.26072783
 25459.42586747 26402.53422792 23162.46451584            nan
            nan 15800.3807726   5532.84800064            nan
            nan            nan            nan            nan
            nan            nan            nan            nan
            nan  5177.37128747            nan            nan
            nan            nan            nan            nan
            nan            nan            nan            nan
            nan            nan            nan            nan
            nan            nan            nan            nan
            nan            nan            nan            nan
            nan            nan]


***************************************************************


[[3.20899188 2.40300504 2.74306772 2.90646984 3.08238215 2.83731668
  2.64871428 2.61032981 2.87085836 2.54995712 2.86502017 2.6795825
  2.87658358 2.51532786 2.4693722  2.62953388 2.38036137 2.23479059
  2.30127102 2.61868559 2.15994512 2.43752061 2.55338939 2.53014142
  2.01484048 2.38120197 2.29600343 2.42570264 2.34785911 3.14373934
  2.81232038 2.60518362 2.53330375 3.18300299 2.77991059 2.80605944
  2.39241196 1.98769227 2.44352285 2.3088036  2.15127713 2.25819409
  2.4033197  2.83188638 2.21815009 2.34937812 2.28052738 1.84027312
  2.42406061 2.11672215 1.99059434 2.13413995 2.01083655 2.2158873
  2.34382406 2.58851281 2.15415838 2.07597003 1.97792334 2.09492042
  1.8812228  2.27888406 1.98538041 1.7510818  1.92670047 2.01631426
  2.14767824 2.12187632 2.16362985 2.29094079 1.96423481 2.31902443
  2.38991269 1.86750794 1.90064228 1.76604233 1.8198748  2.04405738
  2.10607801 1.70865535 2.04763884 1.98017325 2.14257935 1.80316911
  2.30197456 1.78525755 1.78222905 2.07411647 2.05702215 1.85458336
  1.89248292 1.91524751 1.55503804 1.53101767 2.19072713 1.60769269
  1.8695395  1.68823384 1.84011104 1.84844682 1.66198974 1.98587415
  2.09468114 2.2762314  2.13937414 1.57967042 2.2191578  2.66820095
  2.03667627 1.78037964 2.66293149 2.11597684 2.76240386 1.57422457
  2.17643384 2.16562883 2.47619149 2.44935955 2.27307245 2.48094304
  2.27232816 2.35259673 2.13155121 2.42832235 1.93566557 2.52686865
  2.01515047 2.7668707  2.82686465 2.69098574 2.83638429 2.47868726
  2.63818909 2.825817   2.52246536        nan        nan 1.84296801
  0.29650607        nan        nan        nan        nan        nan
         nan        nan        nan        nan        nan 0.3548592
         nan        nan        nan        nan        nan        nan
         nan        nan        nan        nan        nan        nan
         nan        nan        nan        nan        nan        nan
         nan        nan        nan        nan        nan        nan]]