[0.         0.00343723 0.00698391 0.01046454 0.0140737  0.01739086
 0.02078813 0.02413046 0.03423691 0.03767521 0.04116472 0.04465489
 0.07226771 0.0756747  0.07906559 0.08242934 0.08593227 0.08936651
 0.09275201 0.09618351 0.09969077 0.10307855 0.10646578 0.10989475
 0.11338982 0.11675084 0.12011958 0.12351881 0.12701037 0.13042923
 0.13378585 0.1463363  0.14987115 0.15331397 0.15677809 0.16042068
 0.16392097 0.16741938 0.1709709  0.17448633 0.1780446  0.18157167
 0.18507107 0.19402271 0.19740562 0.20074179 0.2041646  0.20750112
 0.21084664 0.21423219 0.21760701 0.22098339 0.22439616 0.22773782
 0.23108099 0.23070829 0.23572516 0.23999404 0.24437451 0.24871047
 0.25293778 0.25719167 0.261476   0.26575729 0.27004143 0.27417972
 0.27842053 0.28274524 0.28702304 0.29123336 0.29563154 0.29997571
 0.30410025 0.30829705 0.31276602 0.31716356 0.32136349 0.32560608
 0.32983037 0.33412761 0.3383388  0.34268332 0.34686241 0.35092464
 0.35529284 0.35955128 0.36382867 0.36813461 0.373004   0.37713596
 0.3814713  0.39124356 0.39639737 0.40117453 0.40573443 0.41028238
 0.41481861 0.41932475 0.4238782  0.42844818 0.43301762 0.43755425
 0.44226751 0.44690525 0.4513746  0.45600343 0.46054053 0.46496789
 0.46943644 0.47395507 0.47822419 0.48260909 0.48694105 0.4916184
 0.49607123 0.4787412  0.48293992 0.48689276 0.49093466 0.49516281
 0.4994024  0.50358107 0.50737646 0.51145741 0.51559246 0.51972991
 0.52391708 0.52802926 0.53210689 0.53602453 0.539722   0.54356267
 0.54738743 0.55130911 0.55512935 0.55903072 0.563011   0.56680048
 0.57054075 0.57725194 0.58103894 0.58479692 0.58873741 0.59250837
 0.59660034 0.60062914 0.60438313 0.60835278 0.61225299 0.61628339
 0.62015643 0.62406603 0.62800657 0.63182832 0.63565133 0.63949942
 0.64329134 0.64723359 0.65106353 0.65461775 0.65808134 0.66155195
 0.66517858 0.67238523 0.6759211  0.67966934 0.68354205 0.68738512
 0.69136079 0.69545255 0.69937684 0.70328217 0.70719915 0.71098541
 0.71479754 0.71885166 0.72277714 0.72656726 0.73034556 0.7342301
 0.73816616 0.74203019 0.74582642 0.74971991 0.75363671 0.75760554
 0.76142116 0.77051585 0.77429846 0.77815146 0.78202141 0.78590008
 0.78985128 0.79361845 0.79747393]


[array([15.40264035, 15.44141426, 15.42666442, 15.45021033, 15.38898002,
       15.4415234 , 15.40260025, 15.44171483, 15.52067314, 15.46846495,
       15.5661379 , 15.56124271, 15.54147942, 15.5197276 , 15.49733736,
       15.52834318, 15.55299396, 15.51488794,         nan, 15.45386486,
       15.49841002, 15.53405532, 15.47374688, 15.44701425, 15.46931402,
       15.50593379, 15.49512876, 15.50869458, 15.51155869, 15.50445064,
       15.54120921, 15.46989403, 15.48546241, 15.46037952, 15.45694219,
       15.45505868, 15.46035664, 15.45416491, 15.49760585, 15.4507676 ,
       15.49415499, 15.45814892, 15.50444676, 15.43658264, 15.41497775,
       15.47853191, 15.42922583, 15.39085469, 15.41893623, 15.42935957,
       15.42464744, 15.39235261, 15.43257333, 15.42361759, 15.42470644,
       15.51858875, 15.46341857, 15.47526449, 15.48908754, 15.55724239,
       15.4560996 , 15.4365042 , 15.50908819, 15.44683219, 15.47216315,
       15.51635208, 15.49120169, 15.52160511, 15.46196134, 15.4989057 ,
       15.50047928, 15.49536008, 15.54088884, 15.53185152, 15.49867765,
       15.53381579, 15.49497769, 15.52998261, 15.52420364, 15.49868986,
       15.51612181, 15.50729273, 15.54164021, 15.60593989, 15.57075933,
       15.51647585, 15.5300542 , 15.51883067, 15.50712755, 15.51835518,
       15.50942483, 15.52374026, 15.51360986, 15.48690295, 15.51750537,
       15.4880477 , 15.55422755, 15.47703562, 15.53811759, 15.47747614,
       15.52688435, 15.49956301, 15.51864436, 15.50434407, 15.50950249,
       15.50118594, 15.51450456, 15.50300955, 15.50818035, 15.51084473,
       15.53465235, 15.50160653, 15.51218238, 15.49767604, 15.46442253,
       15.57457165, 15.52061472, 15.48206947, 15.55030729, 15.52532421,
       15.55480771, 15.53853423, 15.57841516, 15.56378223, 15.62034828,
       15.49958137, 15.60176161, 15.62239245, 15.59195005, 15.53367272,
       15.5669987 , 15.59044035, 15.57263752, 15.59245869, 15.57283609,
       15.61643995, 15.59160262, 15.60513403, 15.53932838, 15.47944765,
       15.52875057, 15.47001501, 15.4839828 , 15.52275886, 15.52543674,
       15.4795303 , 15.43644435, 15.5303115 , 15.48468861, 15.52283066,
       15.4689176 , 15.46462739, 15.46745185, 15.5325964 , 15.45557212,
       15.49079729, 15.49107212, 15.48330243, 15.48929875, 15.48842001,
       15.45204817, 15.44051473, 15.5281048 , 15.49426336, 15.49562814,
       15.53404619, 15.49173325, 15.46333373, 15.46608186, 15.42601595,
       15.49804874, 15.46088503, 15.4487134 , 15.47580265, 15.46272862,
       15.44759457, 15.43790578, 15.47046752, 15.46379899, 15.44764212,
       15.45873614, 15.46752722, 15.47608909, 15.4395741 , 15.45285687,
       15.46888809, 15.46319995, 15.46952947, 15.50831762, 15.4968841 ,
       15.49344019, 15.50879365, 15.50254369, 15.49928197, 15.47022673]), array([16.77384397, 16.75135989, 16.73022854, 16.68898624, 16.73508276,
       16.66965859,         nan, 16.66672109, 16.62504791, 16.64622206,
       16.62629917, 16.6360211 , 16.66223191, 16.63074095, 16.71114891,
       16.59742329, 16.66239441, 16.6381296 , 16.72724036, 16.54388586,
       16.60626915, 16.59092959, 16.58680911, 16.60958606, 16.59637745,
       16.70336216, 16.61617625, 16.60543523, 16.63288486, 16.6386389 ,
       16.60444017, 16.6110663 , 16.69788289, 16.62388891, 16.66768613,
               nan, 16.62556451, 16.65534087, 16.67225728, 16.67419575,
               nan, 16.64470681,         nan, 16.70737544, 16.67406555,
       16.72654725, 16.67786064, 16.71425458, 16.72441341, 16.65242134,
       16.69545396, 16.75448297, 16.73987605, 16.79951465, 16.69546175,
       16.66493411, 16.70383323, 16.67445357, 16.69165316, 16.71082862,
       16.68792275, 16.70251021, 16.73536388, 16.62924077, 16.67040673,
       16.67254032, 16.65841352, 16.61933906, 16.6207764 , 16.6628572 ,
       16.6515481 , 16.67192051, 16.61216141, 16.66587943, 16.60794043,
       16.6324533 , 16.62997868, 16.65816177, 16.66513935, 16.66776596,
       16.68300471, 16.63684533, 16.65042755, 16.60086761, 16.65134789,
       16.6262624 , 16.63828953, 16.66059649, 16.57845956, 16.62394588,
       16.64128263, 16.66090069, 16.6493761 , 16.64880137, 16.67504352,
       16.66644288, 16.67995826, 16.66612273, 16.71839419, 16.69776871,
       16.70230364, 16.67729046, 16.67023741, 16.6776776 , 16.67592959,
       16.67312254, 16.68139645, 16.67055771, 16.6876131 , 16.70801357,
       16.63481042, 16.63730822, 16.62423287, 16.67907588, 16.71085448,
       16.63407208, 16.58805839, 16.63052793, 16.68499836, 16.60351029,
       16.61884808, 16.67845354, 16.67245634, 16.60418334, 16.62003228,
       16.64318018, 16.56942102, 16.53418796, 16.51995841, 16.57874316,
       16.5762755 , 16.61022683, 16.59697235, 16.57858809, 16.54248007,
       16.61447919, 16.56486441, 16.59687371, 16.5140885 , 16.58647546,
       16.61458873, 16.60077769, 16.5957644 , 16.54097073, 16.57669848,
       16.64960104, 16.60318394, 16.58209414, 16.68433287, 16.57556205,
       16.56398965, 16.67028783, 16.63908672, 16.64613345, 16.55793194,
       16.65714242, 16.59510545, 16.60389412,         nan, 16.63788929,
       16.57971692, 16.55124068, 16.59698258, 16.71691952, 16.67742701,
       16.77497403, 16.68456868, 16.70425447, 16.68994789, 16.63003035,
       16.69003233, 16.68839478, 16.66108287, 16.65057525, 16.67359907,
       16.68321887, 16.69761331, 16.72354993, 16.68068518, 16.70475598,
       16.67367068, 16.66420266, 16.72451753, 16.75508579, 16.73091186,
       16.75530867, 16.69622906, 16.65312495, 16.67305497, 16.63029702,
       16.67359738, 16.69713698, 16.70029856, 16.66897573, 16.66711936]), array([17.71000018, 17.78277968, 17.72032727, 17.76149497, 17.76207804,
       17.73516792, 17.61757326, 17.65238709,         nan,         nan,
       17.65857033, 17.63412103, 17.65489386, 17.64576329, 17.68163494,
       17.65400001, 17.61082204, 17.52565054, 17.70245907, 17.59483372,
       17.57126347, 17.69596037, 17.62804315, 17.59693342, 17.64419932,
               nan, 17.60623024, 17.64127721, 17.63367269, 17.57777357,
       17.60746838, 17.60962989, 17.64816498, 17.65189014, 17.64052572,
       17.68649191, 17.69020285,         nan, 17.62578586, 17.69904023,
               nan, 17.70024196, 17.6779211 , 17.67538022, 17.7213051 ,
       17.70982364, 17.74992355, 17.73788075, 17.7670495 , 17.69526873,
       17.63816888, 17.69129767,         nan, 17.70445696, 17.70122698,
       17.69080478, 17.74605293, 17.64889168,         nan,         nan,
       17.70923579, 17.66667386, 17.63369558, 17.63020337, 17.66951437,
       17.69667613, 17.68045316, 17.65247795, 17.6771823 , 17.58058429,
       17.61255363, 17.62437277, 17.66437653, 17.66505711, 17.61969602,
       17.56430745, 17.57408351, 17.72557552,         nan, 17.66393776,
       17.63001772,         nan, 17.72413172, 17.59207519, 17.59575945,
       17.66883838, 17.62841887, 17.75737583, 17.64018613, 17.73705434,
       17.7074949 ,         nan, 17.72953492,         nan, 17.65682115,
       17.72329831, 17.62561188, 17.69430345,         nan, 17.69192646,
       17.72465671, 17.62104435, 17.72020729, 17.67331258, 17.62825789,
       17.70337618, 17.65246517, 17.65653091, 17.65533396,         nan,
       17.72823701, 17.66303036, 17.68913766, 17.67420673, 17.77604222,
       17.72279573, 17.50597725,         nan, 17.60355757, 17.6285189 ,
       17.58117701, 17.70479414, 17.65665118,         nan, 17.60419974,
       17.59396962, 17.57350067, 17.61020774, 17.62714157, 17.54261166,
       17.65464947, 17.68741246, 17.63821505, 17.59005046, 17.65539728,
       17.53752543, 17.5444391 , 17.62435398,         nan, 17.69000964,
       17.57577975, 17.63021194, 17.59607533, 17.58257111, 17.56030465,
       17.65182163, 17.63522356, 17.61356493, 17.67777866, 17.68230458,
       17.58545832, 17.56417463, 17.62576303, 17.65836035, 17.60112843,
       17.66685996, 17.67814808, 17.61413312,         nan, 17.69233352,
       17.57451079, 17.5993361 , 17.64821208,         nan, 17.69004417,
       17.74712615, 17.6364692 , 17.71220499, 17.75015229, 17.68306661,
               nan, 17.72335809, 17.70208506,         nan, 17.67999337,
       17.7794837 , 17.74946195,         nan, 17.641093  , 17.69631425,
       17.72339203, 17.6840254 , 17.69043167, 17.68733701, 17.68229052,
       17.71961114, 17.68557427, 17.61743284, 17.66767669, 17.63915785,
       17.68200552, 17.62707351, 17.71015993, 17.68635836, 17.61245801]), array([18.16750362, 18.20056798, 18.22876664,         nan, 18.16227521,
       18.20195861, 18.17590929, 18.20646242, 18.25957924, 18.16294122,
               nan, 18.263744  ,         nan,         nan,         nan,
       18.40850317,         nan,         nan, 18.27542059, 18.3124322 ,
       18.277087  , 18.24057264, 18.24060424, 18.21264136, 18.26550141,
       18.21482624,         nan, 18.31362309, 18.29386354, 18.23518011,
       18.2944952 , 18.40415055,         nan,         nan, 18.28450888,
       18.25592448, 18.14568579, 18.15827606, 18.3644614 , 18.22029408,
               nan,         nan, 18.17904579, 18.23863437, 18.28663712,
               nan, 18.22310863, 18.29789053,         nan, 18.32072726,
       18.18979351, 18.21668947, 18.25097344, 18.19492503, 18.21200438,
               nan,         nan, 18.27133557,         nan, 18.29077895,
       18.18620813, 18.2048264 ,         nan, 18.44413046, 18.28534665,
       18.16963533,         nan, 18.28762986, 18.11036611, 18.2476401 ,
       18.33400639,         nan, 18.30057008,         nan, 18.22444826,
       18.2414925 , 18.36300417, 18.23432241, 18.37676782, 18.1641515 ,
       18.24561309, 18.24447585,         nan,         nan, 18.37465244,
       18.37211188, 18.23755937,         nan,         nan, 18.24853369,
               nan, 18.31526215,         nan, 18.33290844, 18.23636426,
       18.24711985, 18.29070278, 18.28610079, 18.15841405,         nan,
       18.33284031,         nan,         nan, 18.29748033,         nan,
       18.21629065, 18.22397262, 18.18187227, 18.22565808,         nan,
               nan, 18.23255235, 18.22072973, 18.28891014, 18.30904091,
       18.19057067, 18.48652011, 18.27464494, 18.20257382, 18.36225873,
       18.29952239,         nan, 18.31483487,         nan, 18.21812904,
       18.38092106, 18.2665844 , 18.3592161 ,         nan, 18.4081055 ,
       18.32980852, 18.34906798,         nan, 18.32519569, 18.28832859,
               nan, 18.13258215,         nan, 18.32172072, 18.13885023,
       18.23421661, 18.17320329, 18.1949429 , 18.46341629, 18.34823414,
               nan, 18.32276397, 18.35564496,         nan, 18.36931564,
       18.40457552,         nan, 18.20820228,         nan, 18.33631885,
       18.35985161, 18.22089159, 18.3490341 , 18.19960741, 18.35478274,
       18.4157113 , 18.3710611 ,         nan, 18.31529687,         nan,
               nan,         nan,         nan, 18.22114731, 18.25917602,
       18.2564351 , 18.29705477, 18.27064154, 18.28285965, 18.22218383,
       18.26352277, 18.21956085, 18.26938611, 18.18335207, 18.30636283,
       18.25704919, 18.37773071, 18.20957479, 18.17182614,         nan,
       18.33066627, 18.32806408, 18.26055454, 18.19321947, 18.25099306,
       18.23281845,         nan,         nan, 18.33210242, 18.22312796]), array([17.80363261, 17.72633561, 17.74419962, 17.73980006,         nan,
       17.75554135, 17.7175938 , 17.65663589, 17.67729634, 17.67582589,
       17.57782017, 17.60893974, 17.65464371, 17.63960726, 17.61487336,
       17.65150804, 17.64457299, 17.60275522, 17.63106228, 17.6858493 ,
       17.65183649, 17.61607258, 17.67435709, 17.62096285, 17.59636862,
               nan, 17.65173501, 17.61714006, 17.65814739, 17.62895398,
       17.66407584, 17.72880421, 17.61008127, 17.73683511, 17.66435804,
               nan, 17.73335497, 17.6473041 , 17.68966941,         nan,
       17.6953424 , 17.66444857, 17.77310728, 17.80421226,         nan,
       17.81816336, 17.85924406, 17.81817667, 17.68530239, 17.69838249,
       17.73795223, 17.79172883, 17.81386852, 17.84066003, 17.75848046,
               nan, 17.71419428,         nan, 17.93781331, 17.66997004,
               nan, 17.64520816, 17.68850136, 17.72996396, 17.70310773,
       17.61969438, 17.64783949, 17.63275749, 17.58697759, 17.65024864,
               nan, 17.64475191, 17.72379749, 17.61526796, 17.63124734,
       17.57470482, 17.66684666, 17.65384167, 17.66876899, 17.68768299,
       17.62238077, 17.66695734, 17.6974979 , 17.70431648, 17.65780413,
       17.68010347, 17.69762837, 17.69168239, 17.62361617, 17.60689638,
       17.62874059, 17.69978891, 17.60105768, 17.62758655, 17.65188974,
       17.65547896, 17.69141033,         nan,         nan, 17.6657891 ,
       17.63103297, 17.60764407, 17.6689038 ,         nan, 17.64108434,
       17.63724794, 17.64869147, 17.64412292, 17.65087289, 17.70094717,
       17.62432729, 17.74253987, 17.63694742, 17.6568823 , 17.65541584,
       17.54291707, 17.72601279, 17.62260613, 17.76376478, 17.63886827,
       17.62510947, 17.70883743, 17.62379004, 17.61534392, 17.60694281,
       17.55040281, 17.61047084, 17.46038283, 17.60601128, 17.65782572,
       17.58595197, 17.5526869 , 17.56020382, 17.63482655, 17.5725251 ,
       17.64467781, 17.61932269,         nan, 17.61271621, 17.69159431,
       17.68973369,         nan, 17.6029812 , 17.6714503 , 17.60988511,
       17.63084319, 17.58861136, 17.58514387, 17.62108051, 17.59990666,
       17.61653946, 17.64565254, 17.62695209, 17.58121756, 17.70749167,
       17.59337313, 17.64770138, 17.58065396, 17.6461949 , 17.64323077,
       17.56247417, 17.62522474, 17.66232603,         nan, 17.77831313,
       17.69972224, 17.7352228 , 17.72439565, 17.66481038, 17.63354164,
       17.67852392, 17.70720131, 17.71726125, 17.68286802, 17.66869404,
       17.69804697, 17.7438443 , 17.72915974, 17.77909546, 17.65872351,
       17.73491679,         nan, 17.74115109, 17.69110538, 17.72237294,
       17.73829176, 17.6971186 , 17.69513578, 17.68080329, 17.67534006,
       17.66173441,         nan, 17.67932655,         nan, 17.6804993 ]), array([15.61660252, 15.65911035, 15.67332209, 15.67742092, 15.67137216,
       15.70412563, 15.6504436 , 15.7119244 , 15.74637142, 15.7370175 ,
       15.7445647 , 15.77097044, 15.7448139 , 15.76121237, 15.73275028,
       15.7610731 , 15.77042443, 15.72940578, 15.75287419, 15.74998643,
       15.73130521, 15.73155629, 15.73062252, 15.7722486 , 15.72378902,
       15.71432169, 15.7433561 , 15.76389898, 15.79114982, 15.78968542,
       15.81134489, 15.72012911, 15.74270605, 15.73691252, 15.66229714,
       15.65458619, 15.69892516, 15.66924073, 15.72984282, 15.67061183,
       15.74597233, 15.72519168, 15.68076905, 15.66482965, 15.65618202,
       15.68315463, 15.63138499, 15.67272499, 15.65729025, 15.65559328,
       15.66583297, 15.64099337, 15.65456863, 15.67972545, 15.61046819,
       15.72779059, 15.69370704, 15.70589006, 15.70443042, 15.74726729,
       15.68455021, 15.73236263, 15.7205937 , 15.70707214, 15.70350239,
       15.75054521, 15.73429113, 15.72987948, 15.73096346, 15.75950749,
       15.74377469, 15.75734481, 15.74892461, 15.72253447, 15.72684341,
       15.77344582, 15.74122664, 15.74071599, 15.72500288, 15.72050341,
       15.77490528, 15.74489559, 15.76029245, 15.79741337, 15.79035026,
       15.75359184, 15.7346125 , 15.74133384, 15.77817699, 15.77127727,
       15.80350062, 15.70586323, 15.74416158, 15.72639167, 15.71460906,
       15.73117176, 15.74021679, 15.6906436 , 15.72235249, 15.74011223,
       15.72663713, 15.7185809 , 15.72461448, 15.73561026, 15.77341995,
       15.73181324, 15.7313417 , 15.73321101, 15.72474968, 15.74622125,
       15.72853937, 15.71464287, 15.76109364, 15.74939091, 15.74211771,
       15.78999853, 15.73638657, 15.73958415, 15.76155214, 15.79789283,
       15.80274812, 15.73722335,         nan, 15.82869073, 15.7657199 ,
       15.76793062, 15.76149264, 15.8159484 , 15.83440819, 15.77307434,
       15.73717894, 15.84231279, 15.803992  , 15.86249376, 15.83079176,
       15.83708532, 15.78414474, 15.78794844, 15.75654876, 15.6929498 ,
       15.72421543, 15.70664665, 15.72762645, 15.73720812, 15.72392857,
       15.7244208 , 15.68984334, 15.75918832, 15.73549106, 15.77042696,
       15.74750223, 15.74314229, 15.76342537, 15.76138952, 15.72610067,
       15.75999276, 15.75821574, 15.74159495, 15.7080658 , 15.75047295,
       15.7417837 , 15.74243514, 15.79019813, 15.6574084 , 15.69899008,
       15.72526337, 15.74613958, 15.6845548 , 15.71056727, 15.67459525,
       15.68330461, 15.67994678, 15.66324298, 15.7126596 , 15.69214957,
       15.69716976, 15.68479067, 15.67697486, 15.71987524, 15.64258887,
       15.70129232, 15.68826864, 15.69466346, 15.67096193, 15.68614724,
       15.72617614, 15.70915692, 15.70408175, 15.69936184, 15.74088475,
       15.71542345, 15.72711985, 15.73390449, 15.72199785, 15.70577436]), array([15.21154179, 15.20621588, 15.18820302, 15.17739036, 15.20296609,
       15.15832163, 15.20975991, 15.20100516, 15.15623023, 15.21579722,
       15.20906129, 15.22324499, 15.19574652, 15.211858  , 15.22483618,
       15.15806992, 15.15363666, 15.18377849, 15.21233774, 15.14772549,
       15.16297718, 15.15910139, 15.17002475, 15.13537386, 15.16940461,
       15.21270206, 15.19038423, 15.10653616, 15.14586994, 15.17087558,
       15.15182102, 15.151096  , 15.19702475, 15.19992727, 15.21136804,
       15.18271906, 15.20074583, 15.20458554, 15.19005575, 15.17643437,
       15.18477921, 15.21481182, 15.2492572 , 15.21727731, 15.20633465,
       15.24547311, 15.20726414, 15.17750072, 15.24995373, 15.19831749,
       15.21755876, 15.21166355, 15.17282089, 15.23812576, 15.21660734,
       15.19130462, 15.17123325, 15.15224359, 15.25949555, 15.19418704,
       15.20558016, 15.22382616, 15.20820655, 15.21479786, 15.20185097,
       15.21593269, 15.22925547, 15.18922557, 15.21447996, 15.16881297,
       15.17301183, 15.24127454, 15.13452732, 15.22635631, 15.25304738,
       15.17965119, 15.17406721, 15.205219  , 15.17591688, 15.20741773,
       15.17833653, 15.17910453, 15.19323776, 15.18654066, 15.1250471 ,
       15.18775125, 15.18188239, 15.19533912, 15.20398542, 15.19830076,
       15.18463598, 15.20830651, 15.22654629, 15.17229928, 15.21664947,
       15.22872792, 15.20418282, 15.18596531, 15.19604371, 15.2194048 ,
       15.19968778, 15.21518461, 15.17824149, 15.15562128, 15.19742559,
       15.17781416, 15.20452068, 15.19303048, 15.20678312, 15.2367036 ,
       15.2070213 , 15.19211223, 15.19923837, 15.21282531, 15.23108993,
       15.1546961 , 15.22176155, 15.18597494, 15.21333967, 15.1356938 ,
       15.1365157 , 15.17767939, 15.23331086, 15.15849982, 15.16278236,
       15.18760898, 15.15697831, 15.14472417, 15.08968425, 15.17219438,
       15.17545546, 15.13161092, 15.18954311, 15.09995809, 15.180626  ,
       15.19424952, 15.15737368, 15.20932743, 15.17813959, 15.18677385,
       15.14405389, 15.1327058 , 15.16617259, 15.08649601, 15.17650688,
       15.15145993, 15.13932648, 15.13145354, 15.15903384, 15.10931416,
       15.19629702, 15.1346402 , 15.14785416, 15.17159006, 15.1831781 ,
       15.16587889, 15.13611923, 15.17039889, 15.21111992, 15.15358088,
       15.11743603, 15.15081728, 15.1344021 , 15.18800734, 15.19377694,
       15.22396761, 15.16734053, 15.23953701, 15.19425402, 15.17682272,
       15.24517507, 15.18517249, 15.16317811, 15.18051223, 15.19660665,
       15.15629168, 15.20105147, 15.19545475, 15.20907118, 15.16786904,
       15.20545193, 15.18566069, 15.22979165, 15.23067742, 15.2281805 ,
       15.20399189, 15.2222504 , 15.16594396, 15.2012621 , 15.16372461,
       15.2190797 , 15.25169661, 15.20915554, 15.20958122, 15.20297251]), array([15.4581038 , 15.46305241, 15.45558771, 15.4395606 , 15.52232507,
       15.42831888, 15.44681432, 15.43763131, 15.36285218, 15.37359425,
       15.37201031, 15.38558188, 15.37543225, 15.36645758, 15.40682833,
       15.34699746, 15.36876437, 15.33417557, 15.41518879, 15.3577023 ,
       15.38177591, 15.32748877, 15.37251044, 15.36535144, 15.36494981,
       15.39546622, 15.38807582, 15.33248625, 15.32916882, 15.34758168,
       15.34238153, 15.35391291, 15.41707308, 15.39211663, 15.42119002,
       15.42548601, 15.40124436, 15.44174645, 15.39252854, 15.39992935,
       15.42275348, 15.41631271, 15.40874442, 15.45123206, 15.44517084,
       15.47002752, 15.45136318, 15.42212519, 15.45667881, 15.43186886,
       15.42531714, 15.40972291, 15.40324001, 15.42585645, 15.4735059 ,
       15.38711296, 15.38036045, 15.38781063, 15.3843362 , 15.36013268,
       15.42527905, 15.37540393, 15.38688749, 15.38868777, 15.40906216,
       15.4385102 , 15.37494337, 15.38984034, 15.41393664, 15.36128035,
       15.3551509 , 15.40921035, 15.32227352, 15.39880902, 15.40875574,
       15.38240787, 15.35063498, 15.35634296, 15.3758603 , 15.43818834,
       15.34491683, 15.34839761, 15.40645009, 15.37198975, 15.3421661 ,
       15.37603187, 15.36261768, 15.39438186, 15.35227413, 15.39556977,
       15.38630872, 15.41567195, 15.38961137, 15.35889533, 15.41436669,
       15.40489183, 15.3774104 , 15.40713577, 15.40260523, 15.40408849,
       15.39547637, 15.42600307, 15.40193704, 15.33224941, 15.38756046,
       15.39603466, 15.38970386, 15.38324154, 15.40875704, 15.4271883 ,
       15.41118879, 15.38045997, 15.39840371, 15.39092896, 15.42231321,
       15.30304051, 15.30477454, 15.35542241, 15.3813627 , 15.29624892,
       15.32594552, 15.34166778, 15.39121565, 15.34504954, 15.3483101 ,
       15.29987013, 15.31699233, 15.32340162, 15.30458833, 15.35659658,
       15.30388818, 15.3302576 , 15.34104847, 15.30769965, 15.30404582,
       15.34520805, 15.33279292, 15.30563064, 15.35496555, 15.35736839,
       15.34402913, 15.36441099, 15.37791398, 15.327361  , 15.35774984,
       15.35922896, 15.3374099 , 15.35026994, 15.33120663, 15.36355352,
       15.39090814, 15.35159515, 15.368976  , 15.38921082, 15.37052213,
       15.38618216, 15.40092198, 15.3855447 , 15.41072009, 15.34326871,
       15.34662339, 15.36126858, 15.37114144, 15.40977713, 15.41993399,
       15.43055205, 15.40218484, 15.46340403, 15.37947648, 15.38720632,
       15.45061206, 15.42992946, 15.40802352, 15.40929352, 15.41217297,
       15.40724203, 15.42399821, 15.42384128, 15.46133107, 15.40017657,
       15.42513929, 15.42009318, 15.42542949, 15.46754257, 15.46358587,
       15.44043145, 15.48946641, 15.38205266, 15.3910636 , 15.36395258,
       15.41985492, 15.41347759, 15.40180145, 15.38706243, 15.40006575]), array([17.39066211, 17.34805536,         nan, 17.3379107 , 17.42119175,
       17.30233925, 17.34817023, 17.38409584, 17.2452366 , 17.23885527,
       17.20577174, 17.23655297, 17.15829953, 17.20793308, 17.28827961,
       17.2075021 , 17.25704846, 17.29629326, 17.203063  , 17.18437344,
       17.21829954, 17.19078387, 17.23108139, 17.30652117, 17.2269515 ,
               nan, 17.26138293, 17.25286373, 17.24352369, 17.26576046,
       17.2626872 , 17.27126046, 17.30119756, 17.27432956, 17.30695507,
       17.26904229, 17.32930223, 17.31846723, 17.29113011, 17.28917538,
       17.38722783,         nan, 17.27865527, 17.37228275, 17.34264962,
       17.31967763, 17.3085362 , 17.38433505, 17.34304394, 17.31648078,
       17.3779413 , 17.42119826, 17.35612703, 17.3624629 , 17.35836648,
       17.26444501,         nan, 17.3213394 ,         nan, 17.239806  ,
       17.30118814, 17.27281106,         nan, 17.22118941, 17.28761343,
       17.30696878, 17.26843953, 17.26183848,         nan, 17.25543166,
       17.21587884, 17.28744471, 17.19057606, 17.26094108,         nan,
       17.26400457, 17.25300273, 17.25680376, 17.18827256, 17.23894549,
       17.21768864, 17.20580714, 17.2722665 , 17.20485496, 17.27029405,
       17.2222187 , 17.27242505, 17.22127179, 17.328304  , 17.182304  ,
       17.23096585, 17.25121764, 17.23324321,         nan, 17.2913053 ,
       17.25012736, 17.29941133, 17.27835562, 17.25215898, 17.30275924,
       17.26006465, 17.28229838, 17.22693005, 17.20045505, 17.2837693 ,
       17.27148117, 17.2568737 , 17.26650361, 17.28330569, 17.23941318,
       17.24699593, 17.22573706, 17.20922242, 17.23059182, 17.32177575,
               nan, 17.18977249, 17.21395979, 17.2628449 , 17.17997399,
       17.28409037, 17.23463485,         nan, 17.23184935, 17.16539254,
       17.28834093, 17.20365869, 17.12721174, 17.24279441, 17.12757102,
       17.2035811 , 17.17408712, 17.08778528, 17.15535025, 17.16016468,
       17.13564527, 17.21691087, 17.1779928 , 17.18552728, 17.17931917,
       17.18724803, 17.25552914, 17.21745951, 17.26983591, 17.21390533,
       17.28549857, 17.26131128, 17.22640102, 17.24561403, 17.27405885,
       17.32163389, 17.23873654, 17.24237076, 17.26297041, 17.1682209 ,
       17.29112171, 17.24177589, 17.30241485, 17.30113849,         nan,
       17.22354784, 17.24804989, 17.20455028, 17.32028229, 17.29852721,
       17.31165854, 17.28930947, 17.26662619, 17.28275076, 17.31770531,
       17.3013438 , 17.22970398, 17.29597997, 17.3062555 , 17.25647289,
       17.26538384, 17.34080185, 17.28847237, 17.33073867, 17.31005286,
       17.37543943, 17.29191586, 17.31119607, 17.32879995, 17.31211624,
       17.33781062, 17.31495022, 17.2874542 , 17.22729925, 17.22930478,
       17.29758815, 17.30801231, 17.23178838, 17.23090217, 17.21113976]), array([16.26766185, 16.14508771, 16.2208441 , 16.17129035, 16.23492464,
       16.17151822, 16.2371376 , 16.21043419, 16.08669072, 16.13433261,
       16.09283937, 16.06907772, 16.11583651, 16.14973079, 16.1111384 ,
       16.08832717, 16.12811692, 16.17241601, 16.13672411, 16.12166146,
       16.13189381, 16.06956999, 16.14612292, 16.10468866, 16.12777381,
       16.06075911, 16.14316812, 16.0606752 , 16.07788386, 16.11665236,
       16.08197924, 16.10038146, 16.16221626, 16.1524928 , 16.18756353,
       16.14081924, 16.17483362, 16.20331043, 16.10613385, 16.14798318,
       16.10085929, 16.16141891, 16.13297619, 16.22058512, 16.19540904,
               nan, 16.19962599, 16.1643714 , 16.19994494, 16.21096373,
       16.15813344, 16.2395203 , 16.21108079, 16.19201768, 16.20130873,
       16.13195531, 16.14308094, 16.0944617 , 16.11511647, 16.09242058,
       16.14996072, 16.12375272, 16.11566156, 16.13354029, 16.07779733,
       16.15624154, 16.1286547 , 16.12520004, 16.16178869, 16.16548436,
       16.0486249 , 16.13698226, 16.12100077, 16.11706192, 16.12660944,
       16.10548315, 16.1088075 , 16.09223916, 16.13595283, 16.10265586,
       16.14654278, 16.10751052, 16.12193037, 16.12719839, 16.09759986,
       16.07488722, 16.12216632, 16.13317818, 16.09440406, 16.10657641,
       16.13094302, 16.13267085, 16.15354099, 16.08927465, 16.14846069,
       16.10871179, 16.10552593, 16.10058784, 16.09881609, 16.1077537 ,
       16.10257634, 16.13856682, 16.10056682, 16.10407305, 16.06827263,
       16.11191068, 16.15534746, 16.13162615, 16.13719581, 16.13365024,
       16.12338595, 16.09820238, 16.10700167, 16.10706061, 16.12659338,
       16.06649031, 16.03255569, 16.0466036 , 16.10557414, 16.05270955,
       16.04765131, 16.06960945, 16.06274093, 16.11613317, 16.11163033,
       16.05726457, 16.07068052, 16.02563015, 16.05897054, 16.01944692,
       16.03514234, 16.05778548, 16.09051817, 16.04283823, 16.0611035 ,
       16.05253821, 16.07862586, 16.07610059, 16.07152665, 16.14199421,
       16.1309922 , 16.14810644, 16.08356686, 16.07647724, 16.12142377,
       16.10533275, 16.10564826, 16.11317556, 16.09922761, 16.10468751,
       16.10599893, 16.13069234, 16.15754903, 16.11554117, 16.10573986,
       16.0884289 , 16.16928065, 16.08600222, 16.1265064 , 16.07465267,
       16.1237197 , 16.13752198, 16.10599035, 16.14211871, 16.11844559,
       16.23077432, 16.2066452 , 16.16785793, 16.1832836 , 16.16772952,
       16.19538937, 16.17420245, 16.16286699, 16.18621639, 16.15695175,
       16.17142257, 16.17019288, 16.13467898, 16.1749756 , 16.18386098,
       16.12705852, 16.18840694, 16.18241156, 16.17803114, 16.16186077,
       16.16957313, 16.14500527, 16.11411728, 16.13606739, 16.14182222,
       16.13896502, 16.11842494, 16.15882063, 16.13307251, 16.13275297]), array([15.72501473, 15.74119924, 15.77161002, 15.73792836, 15.71022876,
       15.73598586, 15.78391911, 15.74534832, 15.79022903, 15.85360895,
       15.87962204, 15.83475365, 15.81031785, 15.84243717, 15.85295164,
       15.82254622, 15.78523199, 15.88479819, 15.80910966, 15.89476976,
       15.85262259, 15.81589107, 15.87406039, 15.88989684, 15.85138588,
               nan, 15.87930628, 15.82589999, 15.82450458, 15.88386754,
       15.8061121 , 15.77510994, 15.85849819, 15.82312388, 15.82152567,
       15.75489213, 15.78135374, 15.85671341, 15.75956487, 15.79582687,
       15.72294779, 15.74707473, 15.76573526, 15.7480649 , 15.73871974,
       15.74025058, 15.77584245, 15.72985013, 15.81477584, 15.81744087,
       15.764773  , 15.738737  , 15.7709811 , 15.76240257, 15.80434918,
       15.79728202, 15.77150483, 15.79734094,         nan, 15.76951397,
       15.77890117, 15.80917292, 15.76567744, 15.84322989, 15.81950028,
       15.82901516, 15.83212618, 15.79558332, 15.89439226, 15.81970087,
       15.80985168, 15.83150336, 15.79097225, 15.81927031, 15.81163214,
       15.82902116, 15.81484939, 15.81695994, 15.75518043, 15.84977133,
       15.75264436, 15.82738689, 15.82168682, 15.84796957, 15.80379946,
       15.77915501, 15.83912297, 15.86003144, 15.85857244, 15.81405504,
       15.81146325, 15.83206508, 15.83406037, 15.74733964, 15.7816962 ,
       15.83551023, 15.74971774, 15.74133269, 15.76507506, 15.82250638,
       15.76405973, 15.85088254, 15.80525495, 15.7625623 , 15.80197203,
       15.7918628 , 15.84330072, 15.84947145, 15.77869839, 15.80923425,
       15.83600154, 15.82424252, 15.81025367, 15.8297968 , 15.75657064,
       15.80890972, 15.90567668, 15.8298699 , 15.81515184, 15.79155419,
       15.88087634, 15.82173817, 15.79543812, 15.84449275, 15.7740131 ,
       15.82685495, 15.84292696, 15.84488356, 15.88103421, 15.84905876,
       15.82172119, 15.79622836, 15.85708095, 15.78868905, 15.92680279,
       15.86040932, 15.8830812 , 15.79023154, 15.94489094, 15.8540536 ,
       15.869503  , 15.85685772, 15.88025135, 15.83799599, 15.8526107 ,
       15.82788329, 15.91985878, 15.79802967, 15.83275899, 15.79265129,
       15.80801717, 15.87232116, 15.79190805, 15.81434917, 15.89717039,
       15.79028487, 15.75968642, 15.85258751, 15.79610422, 15.75794398,
       15.8278125 , 15.85685784, 15.83712334, 15.75717073, 15.80208164,
       15.73420331, 15.77623731, 15.80186896, 15.79721632, 15.81549767,
       15.79199408, 15.76156563, 15.81828289, 15.78197111, 15.84817978,
       15.78265263, 15.75329631, 15.78642869, 15.75651967, 15.7625157 ,
       15.74954094, 15.72928507, 15.80063936, 15.78761124, 15.79565645,
       15.71878842, 15.74864723, 15.84744436, 15.83452431, 15.82363852,
       15.81414471, 15.80857414, 15.83823045, 15.75014127, 15.82176628]), array([15.54444409, 15.53765278, 15.50393414, 15.61047859, 15.44434201,
       15.5991099 , 15.61940445, 15.613892  , 15.76971227, 15.73550209,
       15.76228492, 15.71523452, 15.72177092, 15.71934539, 15.64889819,
       15.75317099, 15.81123349, 15.73250405, 15.71388877, 15.77404559,
       15.73139967, 15.80086625, 15.69871965, 15.74394703, 15.75875608,
       15.64338517, 15.74074629, 15.791898  , 15.75837108, 15.72386751,
       15.74879149, 15.71440996, 15.6728506 , 15.69300304, 15.65498223,
       15.61052034, 15.66122335, 15.65707057, 15.67465999, 15.66283292,
       15.63840287, 15.64471648, 15.61627498, 15.53574252, 15.56192737,
       15.50931976, 15.49267168, 15.50714008, 15.5373518 , 15.59707756,
       15.6345872 , 15.53778969, 15.54427444, 15.51248723, 15.52569776,
       15.63842237, 15.68309214, 15.65536196, 15.5218972 , 15.63443739,
       15.64587677, 15.70689343, 15.67531544, 15.63734775, 15.6579564 ,
               nan, 15.68167458, 15.73349446, 15.67319125, 15.74982828,
       15.70940772, 15.70086003, 15.73846213, 15.72119305, 15.71214735,
       15.78143271, 15.73229612, 15.70823578, 15.76890381, 15.74912672,
       15.78160868, 15.75053961, 15.71458666, 15.76423466, 15.69280115,
       15.71313805, 15.72150481, 15.66686119, 15.73984263, 15.70736617,
       15.75879451, 15.6670593 , 15.69054628, 15.67907139, 15.66160752,
       15.6950243 , 15.64803214, 15.64277764, 15.68240414, 15.68363335,
       15.66615622, 15.69357888, 15.76677872, 15.72716857, 15.74884797,
       15.72080088, 15.66188848, 15.70089793, 15.70198849, 15.62448587,
       15.7063209 , 15.69339371, 15.73146746, 15.71721035, 15.56891028,
       15.75154466, 15.7395703 , 15.73013958, 15.70512456, 15.80883905,
       15.78829843, 15.7318218 , 15.73553385, 15.73329664, 15.78642985,
       15.79067071, 15.81972813, 15.85169854, 15.79670623, 15.77417572,
       15.7997163 , 15.79013107, 15.87502228, 15.83911051, 15.77915935,
       15.81369443, 15.84846481, 15.79463911, 15.73931746, 15.77910739,
       15.84477185, 15.71644875, 15.86237902, 15.76413349, 15.75259404,
       15.78349844, 15.74103087, 15.76244781, 15.77857678, 15.73828718,
       15.74124847, 15.7724191 , 15.7594112 , 15.77547558, 15.70772789,
       15.70033661, 15.75108402, 15.73680211, 15.66329964, 15.6969561 ,
       15.80969951, 15.74634084, 15.77505781, 15.54291582, 15.62342359,
       15.54847957, 15.67828594, 15.61816522, 15.6051253 , 15.7150427 ,
               nan, 15.65780884, 15.63652984, 15.62413228, 15.65978427,
       15.62517084, 15.62464186, 15.62397812, 15.6003491 , 15.61970561,
       15.64186049, 15.59625345, 15.57699223, 15.58240353, 15.57684457,
       15.5560033 , 15.599498  , 15.70656251, 15.72009988, 15.73566594,
       15.66404893, 15.63494582, 15.68465223, 15.65534717, 15.74580664]), array([16.94560117, 17.0151414 , 16.96290312, 17.00024876,         nan,
       17.06218464, 17.03408301, 17.03251884, 16.9597682 , 16.95705147,
       17.07399801, 16.9546373 , 17.09712559, 17.03594159, 17.00950171,
       16.92462076, 17.01731708, 17.05826129, 16.95836389, 17.05355748,
       17.07011876, 17.02680762, 17.06121233, 17.05585371, 17.0809206 ,
       16.94551367, 17.02159651, 17.03488372,         nan, 16.96373795,
       17.02489286, 17.01936559, 17.0016266 , 17.00468186, 16.97983468,
       16.98230559, 17.0146602 , 16.97312814, 16.98534539, 16.94844748,
               nan, 17.02755571, 16.98375372, 16.9715321 , 16.98978565,
       16.91077087, 16.98727117, 16.97814168, 16.96494343, 16.99335085,
       17.01937353, 16.98923868, 16.94722538, 16.90435204, 16.99643387,
       16.95690717, 16.93603024, 16.93483643, 16.94684898, 16.98144705,
       16.93935651, 16.97061883,         nan, 16.92129916, 16.99881527,
               nan, 17.04126279, 17.00522395, 16.99667684, 16.98988951,
       17.0041173 , 16.97859526, 17.03324533, 16.98643819,         nan,
       17.03728563, 16.98050384, 16.95264096, 16.94728312, 16.93458606,
       16.99579266, 17.00707583,         nan, 16.95669888, 16.94587897,
       16.96264648, 16.97085809, 16.95869997, 17.02134493, 16.98596983,
       16.95340841, 16.86798507, 16.99475669, 17.00232149, 16.97314205,
       16.9206753 , 16.99210225, 17.00081826,         nan, 16.9805155 ,
               nan, 16.97941886, 16.9769318 , 16.98608317, 17.00547911,
       17.01148256, 16.98753051, 17.00760349, 16.98765065,         nan,
       16.98675806, 16.996255  , 17.00350308,         nan, 16.93717387,
       17.03437457,         nan, 17.06829765, 16.96710105, 17.0365572 ,
               nan, 16.98063279,         nan, 16.97000203, 17.09741231,
       17.04244639, 17.05058683, 17.06306874, 17.14629459, 17.03532354,
       17.0661732 , 16.98047984, 17.00439444, 17.02034472, 17.00673303,
       17.04922557, 17.11275853, 16.94247819, 16.96414565, 17.06066442,
       17.01974634, 17.01381232, 17.01099472, 16.99536009, 17.04207689,
       17.02059855, 17.07181142, 17.0560579 , 17.0625093 , 16.99172146,
       17.00646732, 17.07041254, 17.06860621, 17.03618333, 17.03849701,
       16.98373861, 17.0575458 , 17.01325877, 16.95308586, 16.96730381,
       17.06140575, 17.04504682, 17.0448376 , 16.95993354, 16.99719593,
       16.91633307,         nan, 16.96516176, 17.00397898, 17.03447802,
       16.93943505, 16.98192685, 17.02480174, 16.98268636, 16.99974941,
       16.99672319, 16.95105496, 16.94748654, 16.99314946, 17.03077224,
       16.92513877, 16.93507891, 16.94858186, 16.98408479, 17.0025891 ,
       16.90319433, 16.91849829, 16.98895589, 16.96958718, 17.02792531,
               nan, 16.91827678, 16.93931548, 16.91133497, 17.00705936]), array([16.03330679, 16.03258705,         nan, 16.09033571, 16.04555932,
       16.08480571,         nan, 16.0897882 , 16.14087214, 16.14134592,
       16.11407602, 16.15643754, 16.15046399, 16.15230091, 16.10287705,
       16.1484742 , 16.12049915, 16.21000003, 16.11018678, 16.1758717 ,
       16.16530079, 16.25090383, 16.16264475, 16.18954035, 16.17486746,
       16.02497984, 16.14576943, 16.1952474 , 16.20435946, 16.20353388,
       16.10886048, 16.12134919, 16.08827132, 16.13347472, 16.09082226,
       16.05523708, 16.13310636, 16.10121098, 16.07151846, 16.11138793,
       16.06117045, 16.08776556, 16.02602861, 16.00682823, 16.01376251,
       16.00365386, 16.0572371 , 16.05531315, 16.06337173,         nan,
       16.10102623, 16.01514429, 16.04294979, 16.00995525, 16.07194212,
       16.10987566, 16.08588596, 16.12769697, 16.00670012, 16.09252742,
       16.07676796, 16.17999509, 16.10780149, 16.10302457, 16.09392275,
       16.18840251, 16.11450036, 16.10646448, 16.11720466, 16.14038818,
       16.08852171, 16.10343537, 16.12878325, 16.1523956 , 16.09325113,
       16.15105364, 16.16628047, 16.11951807,         nan, 16.12713661,
       16.16098574, 16.11427044,         nan, 16.12295656, 16.13229941,
       16.11734719, 16.11341945, 16.08347321, 16.15676194, 16.15435487,
       16.13609266, 16.06002776, 16.12301062, 16.07810452, 16.11109858,
       16.09533141, 16.09204939, 16.07574766, 16.05694408, 16.08932186,
       16.07258221, 16.17300002, 16.12380776, 16.09028932, 16.16153463,
       16.10613618, 16.09902222, 16.12888056, 16.09377234, 16.09075246,
       16.11481705, 16.14847652, 16.14714552, 16.07040257, 16.02823885,
       16.08591588, 16.14727736, 16.16085893,         nan, 16.19260968,
       16.15936797, 16.15742905,         nan, 16.16173225, 16.16921696,
       16.12151727, 16.20577665, 16.2676056 , 16.1835139 , 16.22215957,
       16.19401872, 16.15783191, 16.26564253, 16.21295584, 16.16956551,
       16.18187791, 16.183596  , 16.16871289, 16.15764371, 16.21195147,
       16.14293038, 16.17820122, 16.25044847, 16.17452446, 16.18920444,
       16.21333851, 16.19809211, 16.18677643, 16.17075707, 16.15593907,
       16.09300586, 16.22435426, 16.18300285, 16.13803815, 16.19495963,
       16.11657069, 16.14301123, 16.13093786, 16.06157396, 16.09906206,
       16.21406982, 16.17484387, 16.18412942, 16.03283308, 16.08926854,
       16.00595553, 16.12331798, 16.07169124, 16.10176714, 16.12965151,
       16.06582117, 16.07340914, 16.07786943, 16.06472684, 16.12129338,
       16.07663616, 16.05234519, 16.07068051, 16.0565249 , 16.11921905,
       16.05187308, 16.01847825, 16.03908973, 16.07551861, 16.06764304,
       15.98182438, 16.03290088, 16.15816941, 16.14822199, 16.13096879,
       16.09225759, 16.06589117, 16.09305859, 16.06076891, 16.1697906 ])]


[array([0.00310347, 0.00266583, 0.00265908, 0.0027686 , 0.00282304,
       0.00301393, 0.00285958, 0.00282778, 0.00302138, 0.00303273,
       0.00313254, 0.00302614, 0.0028128 , 0.00283543, 0.00281534,
       0.00331242, 0.00319309, 0.00334302,        nan, 0.00335687,
       0.00302656, 0.00357334, 0.00287488, 0.00343095, 0.00302548,
       0.00277719, 0.00337868, 0.00359615, 0.00289451, 0.00340993,
       0.00338466, 0.0028479 , 0.00318017, 0.00293114, 0.00291924,
       0.0026991 , 0.00279243, 0.00285381, 0.00303615, 0.00301948,
       0.00253392, 0.00284061, 0.00260513, 0.00299877, 0.00271753,
       0.00259593, 0.00282252, 0.00290215, 0.00268949, 0.00282092,
       0.00285371, 0.00329653, 0.0031345 , 0.00306719, 0.00307935,
       0.00325197, 0.00311189, 0.00303248, 0.00278703, 0.00329637,
       0.00289156, 0.00322754, 0.00278648, 0.00335139, 0.00299648,
       0.00297062, 0.00306887, 0.00316052, 0.00325494, 0.00334799,
       0.00303638, 0.00284973, 0.0033403 , 0.00280197, 0.00278404,
       0.00320966, 0.0031087 , 0.00295904, 0.00276477, 0.00293869,
       0.00308315, 0.00278828, 0.00281692, 0.00317689, 0.00316278,
       0.00298897, 0.00305783, 0.00310088, 0.00279473, 0.0030963 ,
       0.00315789, 0.00290444, 0.00290811, 0.00266831, 0.00264798,
       0.00283282, 0.00275771, 0.00260884, 0.00249626, 0.0026788 ,
       0.00249451, 0.0029247 , 0.00266982, 0.00280477, 0.00274593,
       0.00273116, 0.00272894, 0.00272254, 0.00262445, 0.00245069,
       0.00272059, 0.00290778, 0.00285897, 0.00272875, 0.00250502,
       0.00366354, 0.0040208 , 0.00336476, 0.00314403, 0.00372698,
       0.0039542 , 0.00350433, 0.00338103, 0.00377159, 0.00400609,
       0.00386278, 0.00431307, 0.00443785, 0.00427023, 0.00387441,
       0.00415501, 0.00403291, 0.00430262, 0.00431673, 0.0042819 ,
       0.00397757, 0.00402981, 0.0032742 , 0.00364249, 0.00366953,
       0.0040528 , 0.00379363, 0.00416533, 0.00369014, 0.00390654,
       0.00374349, 0.00357214, 0.00360395, 0.00351227, 0.00337893,
       0.00333631, 0.00345535, 0.00329223, 0.00324294, 0.00356687,
       0.00312612, 0.00308166, 0.00330296, 0.00286722, 0.0031739 ,
       0.00347247, 0.00336523, 0.00339027, 0.00290319, 0.00313894,
       0.00289507, 0.00311183, 0.00297999, 0.00312331, 0.0033805 ,
       0.00277868, 0.00293266, 0.0032825 , 0.00287125, 0.00295863,
       0.00301134, 0.00303103, 0.00291866, 0.00291796, 0.00305124,
       0.00292984, 0.00284149, 0.0027759 , 0.00303108, 0.00274393,
       0.00285956, 0.00282598, 0.00301874, 0.00285734, 0.00300348,
       0.00266996, 0.00252494, 0.00263403, 0.00276695, 0.00285554]), array([0.00542308, 0.00451583, 0.00448839, 0.00458213, 0.00485716,
       0.00496224,        nan, 0.00458074, 0.00476503, 0.00493178,
       0.00486441, 0.0047393 , 0.00435103, 0.0044744 , 0.00459168,
       0.00522134, 0.00506789, 0.00536754, 0.0047149 , 0.00534461,
       0.00482141, 0.00556857, 0.004564  , 0.00554779, 0.00481376,
       0.00435122, 0.00541651, 0.00574082, 0.00460646, 0.0055336 ,
       0.00525715, 0.00449383, 0.00523831, 0.00474723, 0.00477232,
              nan, 0.00445196, 0.00465058, 0.0048773 , 0.00498792,
              nan, 0.00455428,        nan, 0.00492436, 0.0044289 ,
       0.00412048, 0.00464025, 0.00485113, 0.00441447, 0.00455001,
       0.00469109, 0.00569632, 0.00529463, 0.00523718, 0.00508428,
       0.00505231, 0.00507415, 0.00475355, 0.00433306, 0.00515788,
       0.0046806 , 0.00540855, 0.00446757, 0.00549031, 0.00482676,
       0.00468731, 0.00496582, 0.0049693 , 0.00531283, 0.00547109,
       0.00488967, 0.0045703 , 0.00528024, 0.00446112, 0.00438775,
       0.00512803, 0.00504233, 0.00482114, 0.00444452, 0.00483588,
       0.00509079, 0.00451706, 0.00450979, 0.00490382, 0.00505   ,
       0.00480347, 0.00492441, 0.00506803, 0.00441919, 0.00500795,
       0.00517637, 0.00471061, 0.00475664, 0.00433528, 0.00430723,
       0.00471356, 0.00445408, 0.0042872 , 0.00407113, 0.00451899,
       0.00408972, 0.00487778, 0.00438793, 0.00466179, 0.00455991,
       0.00449983, 0.00451211, 0.00452221, 0.00435255, 0.00403629,
       0.00436925, 0.00477056, 0.00465434, 0.0045436 , 0.00419895,
       0.00549984, 0.00615946, 0.00526738, 0.00473935, 0.00573854,
       0.00608858, 0.00537349, 0.00508306, 0.00569215, 0.00598981,
       0.00619148, 0.00645101, 0.00657384, 0.00632038, 0.00594996,
       0.00629365, 0.00614504, 0.00664923, 0.00657524, 0.0064523 ,
       0.00602572, 0.00608628, 0.00492631, 0.0054777 , 0.00586426,
       0.00645689, 0.00615005, 0.00672722, 0.00567293, 0.00612624,
       0.00621019, 0.00594918, 0.00570219, 0.00583188, 0.00530068,
       0.00534123, 0.00583254, 0.00546359, 0.00519897, 0.00577611,
       0.00510165, 0.00494987, 0.00538271,        nan, 0.00521672,
       0.00570986, 0.00547656, 0.00541342, 0.00481464, 0.00521152,
       0.00480461, 0.00518751, 0.00506733, 0.00526489, 0.00573373,
       0.00459091, 0.00497038, 0.00557558, 0.0047639 , 0.00500517,
       0.00514474, 0.00523339, 0.0049717 , 0.00492095, 0.00524259,
       0.00493929, 0.00476581, 0.0047036 , 0.00536951, 0.00475895,
       0.00489067, 0.00482288, 0.00507114, 0.00473175, 0.00495644,
       0.00442657, 0.00415584, 0.00440819, 0.00455751, 0.00483124]), array([0.00757264, 0.00635421, 0.0062656 , 0.00659649, 0.00683819,
       0.0070082 , 0.00655984, 0.00625118,        nan,        nan,
       0.00699726, 0.00669304, 0.00595008, 0.0062686 , 0.00637474,
       0.00770721, 0.00708769, 0.00745017, 0.00632755, 0.00795646,
       0.00687183, 0.00817045, 0.00651924, 0.00786293, 0.00690693,
              nan, 0.00780904, 0.00836805, 0.00649535, 0.00788188,
       0.00743509, 0.00615363, 0.00735589, 0.0067712 , 0.00663154,
       0.00595075, 0.00628955,        nan, 0.00675181, 0.00704622,
              nan, 0.00643687, 0.00542908, 0.00673855, 0.00606557,
       0.00546696, 0.00648592, 0.00662872, 0.00604433, 0.00620483,
       0.00630361, 0.00780562,        nan, 0.0070101 , 0.00704119,
       0.00690816, 0.00695268, 0.00635933,        nan,        nan,
       0.00639434, 0.00752458, 0.0059535 , 0.00790911, 0.00667832,
       0.00651744, 0.00707179, 0.00709567, 0.00780441, 0.00771158,
       0.00688851, 0.00627155, 0.00781856, 0.00630829, 0.00619414,
       0.00732203, 0.00718956, 0.00720768,        nan, 0.00698438,
       0.00734948,        nan, 0.00666289, 0.0072433 , 0.00727425,
       0.00714192, 0.00729292, 0.0076559 , 0.0065389 , 0.00764205,
       0.00787126,        nan, 0.00720311,        nan, 0.00612739,
       0.00701483, 0.00635116, 0.0062205 ,        nan, 0.00656041,
       0.00591644, 0.00710781, 0.0065017 , 0.00685939, 0.00661034,
       0.00664745, 0.00657285, 0.00672243, 0.0062848 ,        nan,
       0.0065626 , 0.00714691, 0.00706784, 0.00672081, 0.00614243,
       0.00758955, 0.00831171,        nan, 0.00614398, 0.00795118,
       0.00837433, 0.00727533, 0.00670504,        nan, 0.00829081,
       0.00859984, 0.00917674, 0.0097072 , 0.00932643, 0.00833117,
       0.00913252, 0.00895165, 0.00980963, 0.00948869, 0.00968512,
       0.00839593, 0.0086088 , 0.00683585,        nan, 0.00870972,
       0.00926627, 0.0090073 , 0.00990566, 0.00838123, 0.00892721,
       0.00908854, 0.00884881, 0.00850036, 0.00840509, 0.00799423,
       0.00782394, 0.00836318, 0.00797099, 0.00751026, 0.00874622,
       0.00727667, 0.00749472, 0.00801638,        nan, 0.0078366 ,
       0.00850578, 0.00823051, 0.00824789,        nan, 0.00763708,
       0.00674139, 0.00748786, 0.00742047, 0.00790338, 0.00871346,
              nan, 0.00732287, 0.00843766,        nan, 0.00739645,
       0.00788229, 0.00792199,        nan, 0.00716065, 0.00768126,
       0.00736983, 0.00705687, 0.00670547, 0.00770879, 0.00686665,
       0.00695606, 0.00707675, 0.00748045, 0.00695417, 0.00743252,
       0.00656577, 0.00585523, 0.0065053 , 0.00669326, 0.00704262]), array([0.00871089, 0.0071349 , 0.00725566,        nan, 0.00776509,
       0.00804988, 0.00768224, 0.00723385, 0.00799244, 0.00805527,
              nan, 0.00806644,        nan,        nan,        nan,
       0.00962495,        nan,        nan, 0.00723756, 0.00998783,
       0.00837768, 0.00959736, 0.00775425, 0.00933731, 0.00821007,
       0.00647085,        nan, 0.01024472, 0.00781082, 0.00963778,
       0.0089768 , 0.00738462,        nan,        nan, 0.00791871,
       0.00688145, 0.00703608, 0.00745163, 0.00808369, 0.00814139,
              nan,        nan, 0.00607774, 0.00770584, 0.00692581,
              nan, 0.00735153, 0.00767997,        nan, 0.00722268,
       0.00726478, 0.00902842, 0.00850085, 0.00809912, 0.00800514,
              nan,        nan, 0.00729706,        nan, 0.00809387,
       0.00709798, 0.00883758,        nan, 0.00994697, 0.0078285 ,
       0.00746231,        nan, 0.00847844, 0.00905166, 0.00948602,
       0.00847773,        nan, 0.00942974,        nan, 0.00733909,
       0.00896857, 0.00908253, 0.00849314, 0.00777589, 0.00830216,
       0.00902734, 0.00793128,        nan,        nan, 0.00924979,
       0.00886372, 0.00893115,        nan,        nan, 0.00901493,
              nan, 0.00837729,        nan, 0.00772385, 0.00735346,
       0.00837979, 0.00784883, 0.00742689, 0.00679224,        nan,
       0.00712168,        nan,        nan, 0.00845351,        nan,
       0.00788444, 0.00800335, 0.00800911, 0.00747096,        nan,
              nan, 0.00877628, 0.0085191 , 0.00826956, 0.00727859,
       0.00836306, 0.01058516, 0.00819334, 0.00691278, 0.00946464,
       0.01002535,        nan, 0.0076991 ,        nan, 0.00968113,
       0.01060828, 0.01108868, 0.01227104,        nan, 0.01026178,
       0.01093349, 0.01072953,        nan, 0.01172162, 0.01163147,
              nan, 0.0103151 ,        nan, 0.00984236, 0.01007743,
       0.01144947, 0.01062559, 0.0121006 , 0.01067792, 0.01151371,
              nan, 0.01117881, 0.01079158,        nan, 0.00991925,
       0.01000425,        nan, 0.0096522 ,        nan, 0.01140768,
       0.00875039, 0.00892378, 0.01023391, 0.00784842, 0.00965754,
       0.01128888, 0.0106926 ,        nan, 0.00809595,        nan,
              nan,        nan,        nan, 0.00930699, 0.01068799,
       0.0079944 , 0.00878313, 0.01029872, 0.0086408 , 0.00901188,
       0.00927763, 0.00937082, 0.0086991 , 0.00870339, 0.00936603,
       0.00880881, 0.00889672, 0.00797084, 0.00923792,        nan,
       0.00835594, 0.00871762, 0.00949753, 0.00839996, 0.00928328,
       0.00792402,        nan,        nan, 0.00825776, 0.00875016]), array([0.00774308, 0.00627714, 0.00624385, 0.00654874,        nan,
       0.00707565, 0.00676937, 0.00631079, 0.0067697 , 0.00698346,
       0.00682219, 0.00667893, 0.00596304, 0.00623986, 0.00625992,
       0.00769813, 0.00715819, 0.00764796, 0.00623489, 0.00820296,
       0.00694497, 0.0080099 , 0.00661792, 0.00795586, 0.00676432,
              nan, 0.00789851, 0.00838711, 0.0065838 , 0.00796541,
       0.00753003, 0.00634334, 0.00728226, 0.006941  , 0.00667699,
              nan, 0.00634748, 0.00648359, 0.00683415,        nan,
       0.0051926 , 0.00633118, 0.00553383, 0.00686546,        nan,
       0.00556848, 0.00666138, 0.00683016, 0.00595197, 0.00620217,
       0.00647597, 0.00795813, 0.00749973, 0.00724745, 0.00707385,
              nan, 0.00685553,        nan, 0.00593284, 0.00695531,
              nan, 0.00749268, 0.00604528, 0.00812972, 0.0067424 ,
       0.00642575, 0.00693772, 0.00705353, 0.00757147, 0.00786947,
              nan, 0.00633455, 0.007964  , 0.00626854, 0.00621701,
       0.00728023, 0.00743156, 0.00701195, 0.00633082, 0.00707979,
       0.00735909, 0.00663834, 0.00666564, 0.0074877 , 0.00738403,
       0.0071255 , 0.0074045 , 0.00752359, 0.00652299, 0.00731875,
       0.00765906, 0.00688904, 0.00694046, 0.006161  , 0.00614443,
       0.00690659, 0.00647206,        nan,        nan, 0.00652639,
       0.00575377, 0.00704523, 0.00639949,        nan, 0.00665024,
       0.00649906, 0.0065791 , 0.00662747, 0.00623659, 0.00578901,
       0.00643159, 0.00734169, 0.00691882, 0.00668112, 0.00593292,
       0.00725565, 0.00886527, 0.00715962, 0.00638215, 0.00799893,
       0.00843765, 0.0072783 , 0.00667902, 0.00792175, 0.00821681,
       0.00853141, 0.00918856, 0.00930347, 0.00924038, 0.00853434,
       0.00899647, 0.00860332, 0.00952148, 0.00956069, 0.00943158,
       0.00864839, 0.00883687,        nan, 0.00813591, 0.00877332,
       0.00959151,        nan, 0.00992289, 0.00861582, 0.00912968,
       0.00903748, 0.0086841 , 0.00843509, 0.00828389, 0.00784432,
       0.00789432, 0.00856856, 0.00797307, 0.00735625, 0.00906778,
       0.00710935, 0.00742706, 0.00794349, 0.00660005, 0.00766508,
       0.00844812, 0.00831251, 0.0082081 ,        nan, 0.00788317,
       0.00668448, 0.00775336, 0.00748816, 0.00765663, 0.00860914,
       0.00661005, 0.00726978, 0.00847947, 0.00702236, 0.00735183,
       0.00766234, 0.0078879 , 0.00731242, 0.00748697, 0.00759219,
       0.00735606,        nan, 0.00687466, 0.0077094 , 0.00696879,
       0.00698382, 0.0070487 , 0.00770943, 0.00703333, 0.00754318,
       0.00654357,        nan, 0.00641758,        nan, 0.00719932]), array([0.00339953, 0.00291391, 0.0029449 , 0.00304641, 0.00318683,
       0.00336315, 0.00316496, 0.00313101, 0.00332241, 0.00338432,
       0.00338416, 0.00329272, 0.00304633, 0.00312544, 0.00310615,
       0.00365813, 0.00350087, 0.00366471, 0.0032711 , 0.00380868,
       0.00334514, 0.00388127, 0.00319778, 0.00392257, 0.00334862,
       0.00302687, 0.00375566, 0.00400529, 0.00325672, 0.0038507 ,
       0.00378906, 0.00314721, 0.00355013, 0.00328586, 0.00318225,
       0.00293253, 0.00307027, 0.00311694, 0.00334526, 0.00331754,
       0.00279755, 0.0031587 , 0.00280366, 0.00327997, 0.00300198,
       0.00281426, 0.00307365, 0.00324553, 0.00295165, 0.00309764,
       0.00314058, 0.0036563 , 0.0034387 , 0.00339742, 0.00333614,
       0.00353364, 0.00341624, 0.00331462, 0.00303025, 0.00356676,
       0.00316669, 0.00364307, 0.00303429, 0.00375084, 0.00329916,
       0.003256  , 0.00340873, 0.00344395, 0.00365148, 0.00373752,
       0.00336549, 0.00317806, 0.00364464, 0.00303665, 0.00305559,
       0.0035516 , 0.00345377, 0.00324637, 0.00301473, 0.0032265 ,
       0.00344278, 0.00309   , 0.00308952, 0.00345347, 0.00347801,
       0.00331052, 0.00333528, 0.00341621, 0.0031304 , 0.00345397,
       0.00359123, 0.0031396 , 0.00322124, 0.00294906, 0.0028686 ,
       0.00314561, 0.00299233, 0.0028528 , 0.00270252, 0.00299438,
       0.00271893, 0.00322383, 0.00292755, 0.00310538, 0.00306885,
       0.00300834, 0.00300428, 0.00301843, 0.00288203, 0.00270627,
       0.00295914, 0.00318302, 0.00317941, 0.00304405, 0.00280975,
       0.00396939, 0.00438419, 0.00373447, 0.00341407, 0.00413946,
       0.00436672, 0.00379073,        nan, 0.00418021, 0.00426974,
       0.00431675, 0.00461242, 0.00483025, 0.00471271, 0.00428082,
       0.00445906, 0.0044664 , 0.00473938, 0.00482027, 0.00478062,
       0.00437658, 0.0043514 , 0.00352995, 0.00398629, 0.00401852,
       0.00441365, 0.00419267, 0.00463357, 0.00403512, 0.00425462,
       0.00416859, 0.00399165, 0.00398356, 0.00389905, 0.00375868,
       0.00375937, 0.00390056, 0.00373003, 0.00357572, 0.00401158,
       0.0034984 , 0.00345727, 0.00369725, 0.00314045, 0.00355614,
       0.00394537, 0.00384956, 0.00379654, 0.00310806, 0.00343072,
       0.00313744, 0.00347564, 0.00328535, 0.00346928, 0.00377146,
       0.00301019, 0.00322571, 0.00360771, 0.00318246, 0.00327522,
       0.00335772, 0.00337653, 0.00319141, 0.00325979, 0.00331754,
       0.00325424, 0.00312616, 0.00304975, 0.00335751, 0.00302901,
       0.00318   , 0.00314198, 0.00335063, 0.0031146 , 0.00334063,
       0.00294023, 0.00276435, 0.0029139 , 0.00304359, 0.00317068]), array([0.00284859, 0.00240929, 0.00240055, 0.00246112, 0.0026013 ,
       0.00267932, 0.0026276 , 0.00255814, 0.00259501, 0.00272518,
       0.00270813, 0.0026241 , 0.00244584, 0.0024899 , 0.00250668,
       0.00282125, 0.00270009, 0.00290428, 0.00263441, 0.00293645,
       0.00262759, 0.0030539 , 0.00252089, 0.00300275, 0.00265845,
       0.00247156, 0.00295961, 0.00302881, 0.00248429, 0.00295665,
       0.00288823, 0.00250562, 0.00280819, 0.00261709, 0.00262553,
       0.00241078, 0.00250321, 0.00255928, 0.00266197, 0.00269214,
       0.00223772, 0.00255096, 0.00235103, 0.00272293, 0.00249157,
       0.0023582 , 0.00256874, 0.00264774, 0.00249844, 0.00255977,
       0.00261581, 0.0030424 , 0.00280123, 0.00283047, 0.00282481,
       0.00284937, 0.00276533, 0.00266282, 0.00254519, 0.0028484 ,
       0.00261539, 0.00294648, 0.00246533, 0.00303   , 0.00268554,
       0.00261437, 0.00275053, 0.00274425, 0.0029221 , 0.00291068,
       0.00264353, 0.00256571, 0.0028048 , 0.00245576, 0.00250827,
       0.00275896, 0.00270843, 0.00258122, 0.00238656, 0.0025946 ,
       0.00266058, 0.00241767, 0.00243136, 0.00266077, 0.00261638,
       0.00259469, 0.00262894, 0.00269603, 0.00245883, 0.00269835,
       0.00274032, 0.00253523, 0.00256945, 0.00233273, 0.0023281 ,
       0.00252943, 0.00238439, 0.00230285, 0.00215993, 0.00239347,
       0.00217336, 0.00257733, 0.00230933, 0.00241239, 0.00239418,
       0.00237448, 0.00238564, 0.0023817 , 0.00230541, 0.0021771 ,
       0.00236118, 0.00254116, 0.0024898 , 0.00240572, 0.00226619,
       0.00310456, 0.00355436, 0.00299956, 0.00275423, 0.00317579,
       0.00332961, 0.00303437, 0.00296226, 0.00318859, 0.00333242,
       0.00338059, 0.00359046, 0.00362571, 0.00345877, 0.00333333,
       0.00352602, 0.00332704, 0.00366166, 0.00352   , 0.0036207 ,
       0.00333622, 0.00336147, 0.00278998, 0.00312655, 0.00323046,
       0.00343565, 0.0032764 , 0.00362121, 0.00305147, 0.0033569 ,
       0.00325039, 0.00313777, 0.00302966, 0.00304613, 0.00283095,
       0.00296873, 0.00298733, 0.00286427, 0.00277659, 0.00315777,
       0.00272264, 0.00264101, 0.00287754, 0.00254031, 0.00274149,
       0.0029983 , 0.00296998, 0.0028504 , 0.00254103, 0.00275096,
       0.0025437 , 0.00270236, 0.00270352, 0.00277283, 0.00302224,
       0.00248601, 0.00260348, 0.00289029, 0.00251852, 0.00263204,
       0.00264319, 0.00272658, 0.00258253, 0.00260825, 0.00269515,
       0.0026202 , 0.00250915, 0.00249411, 0.00276133, 0.00247908,
       0.00254782, 0.00254246, 0.00263642, 0.0024986 , 0.00258786,
       0.00236564, 0.00225515, 0.00231712, 0.00243713, 0.00254026]), array([0.00316512, 0.00268406, 0.00268079, 0.00274547, 0.00296808,
       0.00299347, 0.00289447, 0.00281769, 0.00283861, 0.00291877,
       0.00291152, 0.00281374, 0.00263957, 0.00266516, 0.00270981,
       0.00306761, 0.00296213, 0.00309985, 0.00286298, 0.00322048,
       0.00288524, 0.00328318, 0.00275741, 0.00330801, 0.00288651,
       0.00266051, 0.00321926, 0.00333502, 0.00268948, 0.00319558,
       0.00313237, 0.00272339, 0.0030861 , 0.0028421 , 0.00287029,
       0.00265986, 0.00272717, 0.00283011, 0.00290462, 0.0029554 ,
       0.00246572, 0.00277929, 0.00250925, 0.00300849, 0.00274536,
       0.00257158, 0.00284462, 0.00293179, 0.0027214 , 0.00280857,
       0.00284732, 0.00330914, 0.00308897, 0.00306718, 0.00314515,
       0.00309171, 0.00301833, 0.0029332 , 0.00268181, 0.00306093,
       0.00286535, 0.00314228, 0.0026526 , 0.0032662 , 0.00292093,
       0.0028688 , 0.0029328 , 0.00298599, 0.00319532, 0.00316965,
       0.00286386, 0.00275891, 0.00304689, 0.00265157, 0.00267926,
       0.00301601, 0.00292392, 0.00275686, 0.0025978 , 0.00286826,
       0.00286213, 0.00260773, 0.00266215, 0.00288422, 0.00287726,
       0.00282157, 0.00284277, 0.00293682, 0.00262745, 0.00294192,
       0.00299464, 0.00277737, 0.00276358, 0.00253122, 0.00253913,
       0.0027364 , 0.00256783, 0.00253391, 0.00236108, 0.00259938,
       0.00236706, 0.00283042, 0.00254428, 0.00261509, 0.00260865,
       0.00261106, 0.00258752, 0.00258716, 0.00251609, 0.0023672 ,
       0.00258004, 0.0027532 , 0.00271917, 0.00260362, 0.00246086,
       0.00330021, 0.00369483, 0.0032149 , 0.00295448, 0.0034005 ,
       0.00361421, 0.00325439, 0.00316074, 0.0034506 , 0.00360125,
       0.00355453, 0.00384427, 0.00392443, 0.00379934, 0.00361122,
       0.0037347 , 0.00363084, 0.00391521, 0.00386274, 0.0038276 ,
       0.00356582, 0.00363058, 0.0029181 , 0.00337601, 0.00348485,
       0.00374661, 0.0036218 , 0.0039754 , 0.00339519, 0.00363453,
       0.00355452, 0.00342681, 0.00333568, 0.00328686, 0.00316049,
       0.00322469, 0.00329183, 0.00315138, 0.00304842, 0.00343151,
       0.00298982, 0.00296528, 0.00315902, 0.00276655, 0.00298578,
       0.00332633, 0.00326056, 0.00316417, 0.00279904, 0.00303562,
       0.00276703, 0.00299635, 0.00298071, 0.00300709, 0.00332077,
       0.00271234, 0.00289502, 0.00322002, 0.00279157, 0.00288929,
       0.00295646, 0.00300759, 0.00285721, 0.00290833, 0.00298453,
       0.00287869, 0.00278096, 0.0027167 , 0.00306737, 0.00274401,
       0.00281397, 0.0028502 , 0.00290435, 0.00272186, 0.00283094,
       0.00258553, 0.00242122, 0.0025233 , 0.00264194, 0.00276877]), array([0.00674425, 0.00553618,        nan, 0.00574286, 0.00610563,
       0.00616703, 0.00598664, 0.00572179, 0.00592542, 0.00609722,
       0.00602678, 0.00587898, 0.00518653, 0.00545355, 0.00563229,
       0.00662887, 0.00626624, 0.00683777, 0.00552149, 0.00685211,
       0.0060222 , 0.00691193, 0.00572633, 0.00707553, 0.00599754,
              nan, 0.00690543, 0.00731527, 0.00573317, 0.00700126,
       0.00663001, 0.00554337, 0.00653022, 0.00598291, 0.00591599,
       0.00527313, 0.00560589, 0.00580631, 0.00603336, 0.00617265,
       0.00482257,        nan, 0.00490418, 0.00607552, 0.00543836,
       0.00488471, 0.00567334, 0.00603422, 0.00536325, 0.0055683 ,
       0.00581527, 0.00709191, 0.00656495, 0.00630969, 0.0062988 ,
       0.00608637,        nan, 0.0058522 ,        nan, 0.00614009,
       0.0056643 , 0.00658773,        nan, 0.00686541, 0.0059542 ,
       0.00577077, 0.00615814, 0.00622148,        nan, 0.00682957,
       0.00605923, 0.00565382, 0.00657096, 0.00548961,        nan,
       0.00650314, 0.00637391, 0.00605005, 0.00537033, 0.00598657,
       0.00631562, 0.00561388, 0.00566561, 0.00619801, 0.00640602,
       0.00607988, 0.00634691, 0.00631983, 0.0058321 , 0.00622486,
       0.00656833, 0.00587421, 0.00599565,        nan, 0.0054106 ,
       0.00590078, 0.00561198, 0.00539314, 0.00498009, 0.00571036,
       0.00501765, 0.00622246, 0.00545562, 0.00573784, 0.0058039 ,
       0.00566256, 0.00562651, 0.00572155, 0.00542438, 0.00495121,
       0.00556137, 0.00602908, 0.00585716, 0.00567788, 0.00529787,
              nan, 0.00755865, 0.00629712, 0.00563122, 0.00694956,
       0.00758256, 0.00637989,        nan, 0.00704638, 0.00722337,
       0.00774046, 0.00808444, 0.00824686, 0.00817104, 0.0072208 ,
       0.00791625, 0.00756964, 0.00805061, 0.00813591, 0.00820191,
       0.00729603, 0.00766647, 0.00597895, 0.00697791, 0.00731243,
       0.00806282, 0.00787864, 0.0085836 , 0.00748177, 0.00787255,
       0.00797617, 0.00772885, 0.0073479 , 0.00723734, 0.00691216,
       0.00709832, 0.0073073 , 0.00690963, 0.00655561, 0.00740003,
       0.00637061, 0.00637469, 0.00709979, 0.00586381,        nan,
       0.00737057, 0.00722976, 0.00695285, 0.00593637, 0.00659619,
       0.00582494, 0.00659189, 0.00632595, 0.00664429, 0.00757325,
       0.00575894, 0.00610425, 0.00720253, 0.00609655, 0.00632479,
       0.00651002, 0.00676072, 0.0061907 , 0.00634607, 0.00659804,
       0.00639254, 0.00607019, 0.00583767, 0.00669746, 0.0059833 ,
       0.0060232 , 0.00609028, 0.00656536, 0.00592121, 0.00630396,
       0.00568783, 0.00518285, 0.00544243, 0.00565804, 0.00600351]), array([0.00439597, 0.003559  , 0.00365456, 0.00372214, 0.00399272,
       0.00407055, 0.00399709, 0.00382663, 0.00383407, 0.00401063,
       0.00393041, 0.00374479, 0.0035505 , 0.00367055, 0.00363758,
       0.00421586, 0.00407238, 0.00442122, 0.00381108, 0.00446773,
       0.00396472, 0.0044891 , 0.00381273, 0.00451511, 0.00396861,
       0.0034674 , 0.00445148, 0.00457433, 0.00367809, 0.00443154,
       0.00427517, 0.00367584, 0.00423577, 0.00391304, 0.00394676,
       0.00354131, 0.00370632, 0.00387898, 0.00390067, 0.00403058,
       0.00321107, 0.00377249, 0.00333616, 0.00406337, 0.0037066 ,
              nan, 0.00383027, 0.0039354 , 0.00363441, 0.00382918,
       0.00381999, 0.00463699, 0.00429469, 0.00415259, 0.00421133,
       0.00413317, 0.0040605 , 0.00386961, 0.0035338 , 0.00410621,
       0.00382156, 0.00430047, 0.00355904, 0.00448477, 0.00383559,
       0.00383762, 0.00401523, 0.00405825, 0.00438768, 0.00445219,
       0.00384716, 0.00369333, 0.00428455, 0.00357512, 0.00361768,
       0.00411584, 0.00405702, 0.00378095, 0.00357869, 0.00380832,
       0.00405412, 0.00361067, 0.00361211, 0.00399349, 0.00399997,
       0.00381858, 0.00394691, 0.00405014, 0.00359588, 0.00399984,
       0.0041523 , 0.00376616, 0.00383697, 0.00344528, 0.00344672,
       0.00371794, 0.0035114 , 0.00340598, 0.00316816, 0.00351077,
       0.0031823 , 0.00386711, 0.00343732, 0.00365514, 0.00350903,
       0.00356081, 0.00359802, 0.00358717, 0.00344101, 0.003192  ,
       0.00351954, 0.00378572, 0.00371143, 0.00355556, 0.00331618,
       0.00446304, 0.00497067, 0.00423659, 0.00388207, 0.00463698,
       0.0048755 , 0.0043314 , 0.00410021, 0.0047074 , 0.00492073,
       0.00488948, 0.0052846 , 0.00530619, 0.00521805, 0.00476321,
       0.00506491, 0.00491485, 0.00538727, 0.00526645, 0.00528668,
       0.00480589, 0.00496323, 0.00400105, 0.00456497, 0.00486822,
       0.00525308, 0.00506634, 0.00541382, 0.00467236, 0.00505416,
       0.00491804, 0.00478171, 0.00464408, 0.00457816, 0.00434068,
       0.00438684, 0.00462714, 0.00444229, 0.00416755, 0.00474569,
       0.00403753, 0.00412234, 0.00430104, 0.00375775, 0.00409316,
       0.00466728, 0.00456396, 0.00437216, 0.00381024, 0.00410538,
       0.00386226, 0.00423989, 0.00403124, 0.00425381, 0.00467338,
       0.00372785, 0.00398631, 0.00447554, 0.0039096 , 0.00399197,
       0.00412272, 0.0041637 , 0.00388284, 0.00396946, 0.00417736,
       0.00391078, 0.00387913, 0.00375206, 0.00417678, 0.00372693,
       0.00381476, 0.00379606, 0.00400933, 0.00377646, 0.00398898,
       0.00353823, 0.00327501, 0.00349584, 0.00363921, 0.00381848]), array([0.00354708, 0.00300218, 0.00305578, 0.00310668, 0.00322723,
       0.00339427, 0.00333003, 0.00318956, 0.00336862, 0.00353243,
       0.00356989, 0.00339155, 0.00313815, 0.00321857, 0.00324546,
       0.00374579, 0.00351674, 0.00390163, 0.0033438 , 0.00403517,
       0.00350446, 0.00401404, 0.00338186, 0.0040948 , 0.00353584,
              nan, 0.00395155, 0.00410946, 0.00329249, 0.00399931,
       0.00379225, 0.00321369, 0.00369954, 0.00340379, 0.00338866,
       0.00303412, 0.00317458, 0.00334521, 0.00337464, 0.00348887,
       0.00276671, 0.00318673, 0.00286852, 0.00338648, 0.00309103,
       0.00286632, 0.00324594, 0.00331287, 0.0031366 , 0.00327757,
       0.00326463, 0.00379676, 0.00360095, 0.00351739, 0.0035991 ,
       0.00362213, 0.00351577, 0.00342257,        nan, 0.00358349,
       0.00327372, 0.00375687, 0.00308737, 0.00394903, 0.0034381 ,
       0.0033353 , 0.00352971, 0.00353376, 0.00388673, 0.00383715,
       0.00346241, 0.00325929, 0.00370848, 0.0031493 , 0.00316393,
       0.00364174, 0.00354947, 0.00335612, 0.00304612, 0.00339964,
       0.00341119, 0.0031782 , 0.00316694, 0.00352273, 0.00350489,
       0.00334239, 0.00348109, 0.0035706 , 0.00323896, 0.00351539,
       0.00360382, 0.00330245, 0.00333213, 0.00297447, 0.0029531 ,
       0.0032797 , 0.00300753, 0.00290977, 0.00274912, 0.00309462,
       0.00275706, 0.00339781, 0.00301784, 0.00313239, 0.00311245,
       0.00308517, 0.00312669, 0.00316304, 0.0029308 , 0.00277086,
       0.00309065, 0.0033417 , 0.00324094, 0.00314533, 0.00283129,
       0.00399158, 0.00467125, 0.00387121, 0.00347284, 0.00414559,
       0.00450617, 0.003902  , 0.00366122, 0.00421041, 0.0042759 ,
       0.00441837, 0.00476286, 0.00489519, 0.00480973, 0.00439406,
       0.00459938, 0.00439202, 0.00484826, 0.00470594, 0.00496078,
       0.00439394, 0.0045428 , 0.00354706, 0.00429106, 0.00429431,
       0.00468982, 0.00446038, 0.0049236 , 0.00421144, 0.00448632,
       0.00435021, 0.00438775, 0.00404343, 0.00405945, 0.00379108,
       0.00385002, 0.00411625, 0.0037868 , 0.00363539, 0.0042997 ,
       0.00354563, 0.0034467 , 0.00387004, 0.00324142, 0.00356572,
       0.00408539, 0.00402492, 0.00387322, 0.00323211, 0.0035798 ,
       0.00315052, 0.00351362, 0.00344052, 0.00360168, 0.00399755,
       0.00314798, 0.00333787, 0.00385454, 0.00326792, 0.0034942 ,
       0.00347597, 0.00347101, 0.00334005, 0.00330366, 0.00349781,
       0.00331544, 0.00318022, 0.00318132, 0.00352556, 0.00317322,
       0.00316112, 0.00319804, 0.00355359, 0.00328532, 0.00345941,
       0.00305967, 0.00285422, 0.00303651, 0.00307922, 0.00332678]), array([0.00324591, 0.00275153, 0.0027268 , 0.00292136, 0.0028896 ,
       0.00319085, 0.00308784, 0.0029871 , 0.00330063, 0.0033311 ,
       0.0033693 , 0.00318955, 0.00296591, 0.00305689, 0.00296688,
       0.00362326, 0.00350628, 0.00362688, 0.00314043, 0.00380667,
       0.00331492, 0.00391855, 0.00312222, 0.00381969, 0.00336956,
       0.0028865 , 0.00371537, 0.00400172, 0.00316932, 0.0037006 ,
       0.00367288, 0.00309489, 0.00342082, 0.00318922, 0.00312922,
       0.00284594, 0.00299885, 0.00306093, 0.00321227, 0.00327102,
       0.00266055, 0.00301397, 0.00269609, 0.00308249, 0.00286249,
       0.00261178, 0.00288897, 0.00301347, 0.00278963, 0.00297672,
       0.00306843, 0.00346723, 0.00325472, 0.00315769, 0.00319158,
       0.00336846, 0.00334189, 0.00320163, 0.00280177, 0.00337842,
       0.00308572, 0.00356687, 0.00295265, 0.00361566, 0.00320752,
              nan, 0.00329415, 0.00339581, 0.00353516, 0.00367482,
       0.00329357, 0.00306254, 0.00359247, 0.00299479, 0.00298672,
       0.00353039, 0.00339339, 0.00317053, 0.00300801, 0.00323125,
       0.00341455, 0.0030543 , 0.00299665, 0.00336832, 0.0033075 ,
       0.00321306, 0.00327574, 0.0032827 , 0.00304598, 0.00332023,
       0.00349164, 0.00304236, 0.00311004, 0.00284951, 0.00278701,
       0.00306898, 0.00284771, 0.00276343, 0.00261557, 0.00289   ,
       0.00261306, 0.00315244, 0.00292541, 0.00305468, 0.00300547,
       0.00296259, 0.00288665, 0.00295165, 0.00281533, 0.00254506,
       0.00289405, 0.00313325, 0.00310705, 0.00297093, 0.00260649,
       0.00385834, 0.00433547, 0.00366703, 0.00327482, 0.004096  ,
       0.00427933, 0.00368911, 0.00352774, 0.00400052, 0.00420835,
       0.00430201, 0.00467242, 0.00484611, 0.00458032, 0.00419908,
       0.00449526, 0.00432666, 0.00482332, 0.00473431, 0.00460791,
       0.0042396 , 0.00440173, 0.00348001, 0.00389931, 0.00411361,
       0.00458713, 0.00416503, 0.0048517 , 0.00403543, 0.00426318,
       0.00421877, 0.00404567, 0.00396187, 0.00392123, 0.00366721,
       0.0037013 , 0.003923  , 0.00369335, 0.0035312 , 0.00394675,
       0.00335931, 0.00342532, 0.00365256, 0.00304666, 0.00344388,
       0.00402365, 0.00380882, 0.00373753, 0.00294134, 0.00329437,
       0.00288869, 0.00335491, 0.00316101, 0.00329806, 0.0038121 ,
              nan, 0.00317147, 0.00354069, 0.00303848, 0.00320393,
       0.00322935, 0.00326512, 0.00309359, 0.00307721, 0.00325661,
       0.00314859, 0.0029889 , 0.00288453, 0.00321282, 0.00287453,
       0.00293217, 0.00298128, 0.00332007, 0.00310492, 0.00330461,
       0.00285044, 0.0026321 , 0.00282429, 0.00293002, 0.0031807 ]), array([0.00575962, 0.00490658, 0.00484903, 0.00505586,        nan,
       0.00560559, 0.00534665, 0.00510614, 0.00531837, 0.00544413,
       0.00565395, 0.00528417, 0.00494182, 0.00505309, 0.0050408 ,
       0.00590112, 0.00569645, 0.00625652, 0.00504831, 0.00644909,
       0.00568122, 0.00642819, 0.00532973, 0.00645598, 0.00565584,
       0.0046444 , 0.00627891, 0.00669863,        nan, 0.00623091,
       0.00608645, 0.00507468, 0.00587011, 0.00536382, 0.00530409,
       0.00476094, 0.00501083, 0.00513909, 0.0054057 , 0.00545249,
              nan, 0.0051496 , 0.00438874, 0.00534531, 0.00487851,
       0.00435529, 0.00505235, 0.00527274, 0.00475767, 0.00500499,
       0.00518817, 0.00613734, 0.00568295, 0.00542923, 0.00561972,
       0.0055238 , 0.00537837, 0.00512864, 0.00464254, 0.00560037,
       0.00503464, 0.00587995,        nan, 0.00609179, 0.00535708,
              nan, 0.00562752, 0.00566938, 0.00606454, 0.00613229,
       0.0055383 , 0.00502831, 0.00613306, 0.00496688,        nan,
       0.00595464, 0.00570404, 0.0053702 , 0.00489975, 0.00532139,
       0.00571432, 0.00515659,        nan, 0.00560815, 0.00560806,
       0.00544389, 0.00556808, 0.00568391, 0.0051948 , 0.00569985,
       0.0058051 , 0.00503425, 0.00540271, 0.00491825, 0.00474285,
       0.00517037, 0.00497714, 0.00480208,        nan, 0.00497165,
              nan, 0.00546941, 0.00486945, 0.0052599 , 0.00512367,
       0.00507837, 0.00505066, 0.00512355, 0.00479803,        nan,
       0.00498091, 0.00547435, 0.00534078,        nan, 0.00456955,
       0.00615262,        nan, 0.00597265, 0.00512398, 0.00652819,
              nan, 0.00586381,        nan, 0.00646004, 0.00690938,
       0.00703476, 0.00759321, 0.00797144, 0.00783794, 0.00692329,
       0.00741374, 0.0069975 , 0.00770503, 0.00765734, 0.00761514,
       0.00701123, 0.00732923, 0.00549177, 0.00645422, 0.00696286,
       0.00745679, 0.00714564, 0.00788367, 0.00669349, 0.00731302,
       0.00713049, 0.00709631, 0.00683156, 0.00665706, 0.00619643,
       0.00625708, 0.00682083, 0.00641952, 0.00593956, 0.00696081,
       0.00571089, 0.00587641, 0.00628497, 0.00515142, 0.00589092,
       0.00688137, 0.00658218, 0.00641814, 0.00519437, 0.00585146,
       0.00505786,        nan, 0.00557948, 0.00592315, 0.00671979,
       0.00503048, 0.00553883, 0.00638215, 0.00536471, 0.00564261,
       0.00580867, 0.00573587, 0.00541596, 0.00554341, 0.00587968,
       0.00540511, 0.0052722 , 0.00507705, 0.0058417 , 0.0052743 ,
       0.00512791, 0.00519396, 0.00580297, 0.00529956, 0.00580538,
              nan, 0.00448129, 0.00482966, 0.00498742, 0.00547668]), array([0.00400883, 0.00338223,        nan, 0.00357935, 0.00369478,
       0.00389034,        nan, 0.00362347, 0.00386113, 0.00397561,
       0.00393309, 0.00385759, 0.00353093, 0.00365574, 0.00359052,
       0.00429471, 0.00403971, 0.00444474, 0.00372172, 0.00453596,
       0.00398243, 0.00473637, 0.00378577, 0.00462517, 0.00401812,
       0.00337046, 0.00441699, 0.00476377, 0.00382596, 0.00456186,
       0.00427527, 0.00365851, 0.00409314, 0.0038439 , 0.00377665,
       0.00340912, 0.00360647, 0.00368768, 0.00380841, 0.00395046,
       0.00312975, 0.00363246, 0.00317956, 0.00374696, 0.00342419,
       0.00316103, 0.00362327, 0.00375833, 0.00343894,        nan,
       0.00371105, 0.00424057, 0.00402313, 0.00387774, 0.00398082,
       0.00404252, 0.00395467, 0.00383795, 0.00336659, 0.004058  ,
       0.00367279, 0.00435118, 0.00349787, 0.00440007, 0.00383299,
       0.00382217, 0.0039639 , 0.00398847, 0.00428886, 0.00436554,
       0.00386285, 0.00361923, 0.00425507, 0.00358398, 0.00353823,
       0.00415848, 0.00409606, 0.00379261,        nan, 0.00382926,
       0.00403378, 0.00358882,        nan, 0.00395962, 0.00400729,
       0.00383208, 0.00389329, 0.00394448, 0.00365029, 0.00404633,
       0.00413011, 0.00361548, 0.00377675, 0.00339608, 0.00336478,
       0.00366741, 0.00346449, 0.00333503, 0.00308863, 0.00345988,
       0.00312315, 0.00388536, 0.0034372 , 0.00359353, 0.00360351,
       0.00350086, 0.00348637, 0.0035553 , 0.00333249, 0.00311105,
       0.00346567, 0.00382693, 0.00373194, 0.0034853 , 0.00317445,
       0.00443391, 0.00511999, 0.00435167,        nan, 0.00480907,
       0.00501715, 0.0044101 ,        nan, 0.00474022, 0.00495465,
       0.00496719, 0.0054964 , 0.00580491, 0.005423  , 0.00507231,
       0.00533752, 0.00505443, 0.00571046, 0.00556346, 0.0054436 ,
       0.00500573, 0.00511976, 0.00407953, 0.00466453, 0.00497485,
       0.00523896, 0.00508625, 0.00575574, 0.00481515, 0.00515252,
       0.00510635, 0.00493076, 0.00475845, 0.00466513, 0.00438983,
       0.00433317, 0.0047824 , 0.00443248, 0.00414083, 0.00489353,
       0.00403033, 0.00406953, 0.00435427, 0.00360632, 0.00411125,
       0.00483434, 0.0045916 , 0.00448778, 0.00361914, 0.00403754,
       0.00351463, 0.00406911, 0.00386619, 0.00407876, 0.00458291,
       0.0035217 , 0.00379778, 0.0042986 , 0.00368464, 0.00391948,
       0.00394514, 0.00394085, 0.00375158, 0.00375033, 0.00404568,
       0.00376572, 0.00360503, 0.00351515, 0.00398203, 0.00355984,
       0.00352469, 0.00360049, 0.00406181, 0.00374791, 0.00395039,
       0.0034375 , 0.00317105, 0.00338381, 0.0034885 , 0.00385091])]