[0.         0.01150628 0.02309667 0.03467404 0.04622554 0.05772894
 0.06925359 0.08078653 0.09238427 0.10392598 0.1154698  0.12702407
 0.13858634 0.15515015 0.16664957 0.17819582 0.18977297 0.20148994
 0.21306862 0.22471938 0.23632435 0.24787536 0.2593933  0.27098365
 0.28251614 0.29406495 0.3057157  0.32206845 0.33367267 0.34528866
 0.35679059 0.36830212 0.37981249 0.39137521 0.40297905 0.41450138
 0.42612626 0.43768984 0.44919946 0.46075925 0.50959713 0.521173
 0.53270744 0.54425193 0.5558974  0.56747043 0.57912594 0.59063852
 0.60223164 0.61380789 0.62539711 0.63698592 0.64857188 0.66020857
 0.67629694 0.68775516 0.69934464 0.71086573 0.72240284 0.733993
 0.74559036 0.75715359 0.76876385 0.78026192 0.79182025 0.80338671
 0.81491406 0.82649612 0.85146561 0.86305007 0.8746595  0.88620909
 0.89771511 0.90931116 0.92083986 0.93241578 0.94395854 0.95555091
 0.96714613 0.9787826  0.99050759 0.0020132  0.02598205 0.03764326
 0.04928449 0.06078717]


[array([16.52027176, 16.58118852, 16.64167673, 16.53119194, 16.60417572,
       16.5860512 , 16.50334404, 16.51265685, 16.64299192, 16.60161658,
       16.5364167 , 16.60521254, 16.57020994, 16.59518314, 16.53673782,
       16.61240468, 16.61103726, 16.59624154, 16.51066542, 16.5762807 ,
       16.49168288, 16.55541222, 16.50203318, 16.60068267, 16.53200425,
       16.5034441 , 16.62310437, 16.55631355, 16.61388248, 16.61305575,
               nan, 16.60513438, 16.57323354, 16.49957359, 16.55045269,
       16.57206424, 16.57156799, 16.51858163, 16.6317984 , 16.62480511,
       16.59190795, 16.47466603, 16.49335256, 16.59067476,         nan,
       16.64719613, 16.52759266, 16.5749736 , 16.60925272, 16.21702618,
               nan, 16.60587293,         nan, 16.61417302,         nan,
       16.67955173, 16.69609818, 16.65404165, 16.71895677, 16.65012402,
       16.644484  , 16.62435688, 16.7182561 , 16.69778973, 16.54591633,
       16.78736634,         nan,         nan, 16.56012783, 16.62714094,
       16.61289008, 16.57948999, 16.65939166, 16.64779498, 16.56120624,
       16.55573328, 16.55755171, 16.49976174, 16.60348663,         nan,
               nan,         nan,         nan,         nan,         nan,
               nan]), array([16.61100324, 16.6911825 , 16.6416486 , 16.7394885 , 16.72982676,
       16.65156752, 16.70089564, 16.66835   , 16.66818814, 16.63335392,
       16.69168946, 16.6585085 , 16.63809586, 16.67164   , 16.62974925,
       16.73819919, 16.66481724, 16.65707034, 16.6308634 , 16.65779222,
       16.64003503, 16.58562005, 16.66171185, 16.60877294, 16.63731722,
       16.65731215, 16.69132014, 16.65081986, 16.59394294, 16.60649132,
       16.61256491, 16.64051828, 16.59130159, 16.54483153, 16.74109042,
       16.59931875, 16.7288202 ,         nan, 16.53072873, 16.64607071,
       16.64521847, 16.69163088, 16.58533664, 16.63785478, 16.68487422,
               nan, 16.73569699, 16.68145776, 16.72754083, 18.30954275,
               nan, 16.72382499, 16.63125526, 16.65016626, 16.9101693 ,
               nan, 16.71650861, 16.75062311,         nan, 16.80216614,
       16.67754671, 16.71999269, 16.69909394, 16.88293552, 16.7580166 ,
               nan, 16.82165712, 17.57550054, 16.75115166,         nan,
       16.68608997, 16.75529156, 16.72117328, 16.72137855, 16.57006875,
       16.71312868,         nan, 16.63151325, 16.6451227 , 16.67738358,
       17.19953839, 18.25610927,         nan,         nan,         nan,
       16.70818587]), array([16.25149118, 16.20839418, 16.25148749, 16.28960263, 16.31592262,
       16.28703097, 16.25370174, 16.25571578, 16.28097068, 16.3118773 ,
       16.33137212, 16.28551249, 16.19122008, 16.31333431, 16.2615689 ,
       16.32518045, 16.33924446, 16.2517512 , 16.28750661, 16.33285261,
       16.21213963, 16.27544285, 16.29637019, 16.31392966, 16.35592086,
       16.27221523, 16.32588307, 16.26816176, 16.2322009 , 16.28037834,
       16.29319082, 16.27882948, 16.30813188, 16.21867094, 16.35074774,
       16.27923643, 16.2309088 , 16.34605197, 16.32407243, 16.27745483,
       16.27548129, 16.24493911, 16.28589266, 16.27832231, 16.29258368,
       16.20657939, 16.2294269 , 16.25730907, 16.26317174, 15.85189629,
       16.34113868, 16.27249424, 16.28637791, 16.27172586, 16.36032052,
       16.36187898, 16.41503816,         nan, 16.41364312, 16.40111752,
       16.40350835, 16.36294652, 16.4472521 ,         nan, 16.34064463,
       16.41369468,         nan, 16.25654468, 16.27017851, 16.29561444,
       16.31774975, 16.27987711, 16.26078528, 16.28237055,         nan,
       16.28188213, 16.21421123,         nan, 16.26658633, 16.18511084,
       15.93623148, 15.55433107, 16.33509022, 16.25149118,         nan,
       16.4359203 ]), array([14.5900676 , 14.61849515, 14.58333392, 14.53924966, 14.54524678,
       14.57997966, 14.55310048, 14.56074522, 14.53407213, 14.56144466,
       14.55967508, 14.57257966, 14.59700575, 14.55662773, 14.51063365,
       14.53692218, 14.5819854 , 14.55888777, 14.5578354 , 14.56045017,
       14.52809979, 14.56390457, 14.52141852, 14.54761414, 14.57607362,
       14.57664763, 14.61041001, 14.62883509, 14.56385406, 14.55853573,
       14.6208683 , 14.60773811, 14.61877518, 14.5567592 , 14.58367323,
       14.58687266, 14.63562883, 14.60804185, 14.62699988, 14.62161016,
       14.53665279, 14.53934167, 14.4462256 , 14.54637904, 14.54843156,
       14.5735177 , 14.53394674, 14.53070618, 14.52248471, 14.09034872,
       14.55256052, 14.49863744, 14.55899838, 14.51885921, 14.51145496,
       14.54536093, 14.47106081, 14.55669915, 14.53006501, 14.52700671,
       14.53213678, 14.55532313, 14.49511548, 14.50957847, 14.44939442,
       14.49411533, 14.54510404, 14.32466458, 14.4760811 , 14.52955538,
       14.46051187, 14.46045392, 14.44915232, 14.46554772,         nan,
               nan,         nan,         nan,         nan,         nan,
               nan,         nan,         nan,         nan,         nan,
               nan]), array([15.52694261, 15.50680391, 15.46851267, 15.52378335, 15.49212563,
       15.51844916,         nan, 15.53678851, 15.52172091,         nan,
       15.5328346 , 15.49349582,         nan, 15.42951655, 15.48129658,
       15.49300187,         nan, 15.41425194,         nan, 15.49125317,
       15.44048152,         nan, 15.4542564 , 15.53078513, 15.49347615,
       15.51622358,         nan, 15.47884534, 15.53774177, 15.58627389,
               nan, 15.50491479, 15.46316639,         nan, 15.499704  ,
               nan,         nan,         nan, 15.45735254, 15.48281249,
       15.51682047, 15.43764364, 15.4769071 ,         nan, 15.53029141,
               nan,         nan, 15.53726766, 15.47704765,         nan,
               nan, 15.45795595, 15.55180914, 15.50022011,         nan,
               nan, 15.52211117,         nan,         nan, 15.50789056,
               nan, 15.45254434, 15.49383082, 15.48616225, 15.4058044 ,
       15.43931087, 15.5067173 , 15.34383453, 15.44223728, 15.43646238,
       15.42253471, 15.42466381, 15.40927385, 15.38268458,         nan,
       15.35896469,         nan,         nan, 15.39451311,         nan,
       15.25366716, 14.57899668, 15.44334356,         nan, 15.52694261,
       15.24533085]), array([17.92437944, 17.96032089,         nan, 17.90574829, 17.90245557,
       17.93308169, 18.02975879, 17.91748834,         nan, 17.93678769,
       18.03368816,         nan, 17.88041898, 17.97468575, 18.07016721,
               nan, 17.85010677,         nan, 18.00711402, 17.84535604,
       18.08503626,         nan, 18.03786112,         nan,         nan,
       17.982974  ,         nan, 17.8377044 ,         nan, 17.82462247,
       17.83479893, 17.87240051, 17.84732948, 18.10321429, 17.8642852 ,
       17.85068296, 17.69563887,         nan, 17.85052626,         nan,
       17.88448969, 18.0608385 , 18.24462988,         nan,         nan,
       17.87995145,         nan, 17.84244155,         nan,         nan,
               nan,         nan,         nan, 18.0472613 ,         nan,
               nan,         nan,         nan,         nan,         nan,
               nan, 18.01963626,         nan,         nan,         nan,
               nan,         nan,         nan,         nan,         nan,
               nan,         nan,         nan,         nan,         nan,
               nan,         nan,         nan,         nan,         nan,
               nan,         nan,         nan,         nan,         nan,
               nan]), array([18.2854239 , 18.21934507, 18.20929201,         nan,         nan,
       18.16811887, 18.24908858, 18.32025202,         nan, 18.14582761,
       18.14332782, 18.25257747,         nan,         nan,         nan,
       18.22713349, 18.19361169, 18.34704144, 18.17914764,         nan,
               nan,         nan,         nan,         nan,         nan,
               nan, 18.02436579,         nan,         nan,         nan,
       18.20078285, 18.02061894,         nan,         nan, 18.02961275,
       18.31021507,         nan, 18.10853035, 18.17505043, 18.0792396 ,
               nan,         nan,         nan,         nan,         nan,
               nan,         nan,         nan,         nan,         nan,
               nan,         nan,         nan, 18.23730277,         nan,
               nan,         nan,         nan, 18.31341152,         nan,
               nan,         nan,         nan,         nan,         nan,
               nan, 18.42683391,         nan,         nan,         nan,
               nan,         nan,         nan,         nan,         nan,
               nan,         nan,         nan,         nan,         nan,
               nan,         nan,         nan,         nan,         nan,
               nan]), array([15.73941478, 15.6632643 , 15.72866365, 15.63450624, 15.57381754,
       15.72471544, 15.63216262, 15.67699779, 15.59124739, 15.73114415,
       15.61999058, 15.65672859, 15.75967738, 15.62258312, 15.67341719,
       15.59177321, 15.68124907, 15.69937083, 15.74891941, 15.6995857 ,
       15.7660955 , 15.73186887, 15.68991935, 15.63740662, 15.64439907,
       15.65475393, 15.72258909, 15.74289061, 15.69756902, 15.69421312,
       15.83957433, 15.91884004, 15.76163255, 15.71357844, 15.8294285 ,
       15.7236618 , 15.77406331, 15.80546341, 15.85246584, 15.79262216,
       15.71299995, 15.71451078, 15.63122617, 15.65901768, 15.66273854,
       15.71838009, 15.68558527,         nan, 15.63969352, 15.24343461,
       15.68727437, 15.68040562, 15.69047872, 15.60928598, 15.41003203,
       15.51445368, 15.41837424, 15.49939347, 15.4105928 , 15.35088622,
       15.45457273, 15.42877079, 15.38564273, 15.41123403,         nan,
       15.49370071, 15.45253977, 15.21837508,         nan,         nan,
               nan,         nan,         nan,         nan,         nan,
               nan,         nan,         nan,         nan,         nan,
               nan,         nan,         nan,         nan,         nan,
               nan])]


[array([0.00505149, 0.0600088 , 0.06400052, 0.07294753, 0.09413548,
       0.05699493, 0.07452898, 0.03927199, 0.09128782, 0.07275921,
       0.09255633, 0.0596393 , 0.0460737 , 0.0814766 , 0.07672369,
       0.0977579 , 0.07855603, 0.0694337 , 0.06207265, 0.0630746 ,
       0.08338385, 0.03265167, 0.07254211, 0.068345  , 0.0671762 ,
       0.05236902, 0.12947955, 0.05280416, 0.0520955 , 0.06914706,
              nan, 0.1275033 , 0.05742286, 0.08821951, 0.12176141,
       0.04600965, 0.11799642, 0.10285446, 0.09507224, 0.1013424 ,
       0.04848049, 0.08130516, 0.14894948, 0.06121   ,        nan,
       0.07235188, 0.07246193, 0.06282766, 0.08645342, 0.8600822 ,
              nan, 0.08431728,        nan, 0.08589025,        nan,
       0.15436368, 0.18022366, 0.15904199, 0.19334996, 0.20037107,
       0.16322322, 0.14900138, 0.19550241, 0.21363091, 0.11821272,
       0.19046393,        nan,        nan, 0.09456662, 0.08303915,
       0.09931213, 0.10617894, 0.11887553, 0.11756773, 0.04621192,
       0.10425405, 0.04046692, 0.02505097, 0.08432155,        nan,
              nan,        nan,        nan,        nan,        nan,
              nan]), array([0.0052359 , 0.06020906, 0.06402315, 0.07336969, 0.09431655,
       0.0571315 , 0.07491695, 0.0395809 , 0.09133851, 0.07283466,
       0.09285771, 0.05974595, 0.04624373, 0.08161775, 0.07694606,
       0.09803652, 0.07871786, 0.06962953, 0.06241776, 0.06328304,
       0.0836891 , 0.03272511, 0.07286672, 0.06840678, 0.06741662,
       0.05277451, 0.12967765, 0.0530317 , 0.05209542, 0.06914224,
       0.07606577, 0.12758186, 0.05751345, 0.08833477, 0.12208481,
       0.04611984, 0.11834161,        nan, 0.09486811, 0.10145872,
       0.04862671, 0.08172509, 0.14919581, 0.06129439, 0.06059297,
              nan, 0.07276964, 0.06307069, 0.08665237, 0.86377387,
              nan, 0.0845002 , 0.03992902, 0.08593818, 0.23722225,
              nan, 0.18023148, 0.15909609,        nan, 0.20047405,
       0.16324177, 0.14907405, 0.19552168, 0.21374565, 0.11836715,
              nan, 0.17689965, 0.51529764, 0.09465378,        nan,
       0.09937082, 0.10629399, 0.11891014, 0.11758011, 0.04626481,
       0.10433163,        nan, 0.02517952, 0.08436849, 0.06919834,
       0.42310121, 1.17347389,        nan,        nan,        nan,
       0.20615215]), array([0.00452885, 0.05941804, 0.06345289, 0.0724629 , 0.09371233,
       0.05642211, 0.074051  , 0.03882014, 0.09063097, 0.07215015,
       0.09213561, 0.05892992, 0.04513865, 0.08089923, 0.07610862,
       0.0972177 , 0.07795033, 0.06859242, 0.0615055 , 0.06251694,
       0.08275192, 0.03196825, 0.07203268, 0.06769985, 0.06678751,
       0.05170328, 0.12899887, 0.0521506 , 0.05123093, 0.06832752,
       0.07524967, 0.1267055 , 0.05684334, 0.08761435, 0.12133083,
       0.04522673, 0.11712353, 0.10234731, 0.09431574, 0.10054724,
       0.04787433, 0.08082025, 0.14849961, 0.0605449 , 0.05992969,
       0.07140267, 0.07193734, 0.06216368, 0.08590895, 0.85932813,
       0.06908155, 0.08383745, 0.03931309, 0.08522536, 0.23665789,
       0.15403481, 0.17992435,        nan, 0.19297644, 0.20013486,
       0.16298209, 0.14874758, 0.19528646,        nan, 0.11795889,
       0.19023036,        nan, 0.51445065, 0.09435594, 0.08273535,
       0.09913238, 0.10588054, 0.11845738, 0.11735161,        nan,
       0.10408014, 0.040272  ,        nan, 0.0840691 , 0.06898921,
       0.42183899, 1.17206064, 0.08677073, 0.00410133,        nan,
       0.20603388]), array([0.00218979, 0.05750321, 0.06164963, 0.0699261 , 0.09168701,
       0.05402369, 0.07163216, 0.0365757 , 0.0882188 , 0.06941941,
       0.08946292, 0.05609005, 0.04222723, 0.07813139, 0.07320463,
       0.09453698, 0.07486339, 0.06530575, 0.05810123, 0.05921141,
       0.07972443, 0.02863701, 0.06886693, 0.06447502, 0.06372244,
       0.04801829, 0.12636062, 0.04899251, 0.04811206, 0.06463794,
       0.07183685, 0.1233662 , 0.05370313, 0.08467476, 0.11821595,
       0.04148103, 0.11374532, 0.0985918 , 0.0908035 , 0.09715744,
       0.04488618, 0.07764643, 0.14496655, 0.05756662, 0.0573114 ,
       0.06821121, 0.0694656 , 0.05891678, 0.08327029, 0.85599173,
       0.06656151, 0.08139442, 0.03654016, 0.08256409, 0.23462202,
       0.15222427, 0.17813136, 0.15705914, 0.19097991, 0.19840362,
       0.16151005, 0.14712607, 0.19363265, 0.21209583, 0.11602394,
       0.18879333, 0.17474267, 0.51289202, 0.09306501, 0.08122995,
       0.09789042, 0.10427367, 0.11660963, 0.11625958,        nan,
              nan,        nan,        nan,        nan,        nan,
              nan,        nan,        nan,        nan,        nan,
              nan]), array([0.00331225, 0.05842021, 0.06248286, 0.07114008, 0.092618  ,
       0.05514563,        nan, 0.03769655, 0.08939805,        nan,
       0.09073171, 0.05740223,        nan, 0.07932094, 0.07460046,
       0.09578378,        nan, 0.06673987,        nan, 0.06074214,
       0.08117411,        nan, 0.07034034, 0.06606106, 0.06510383,
       0.04979825,        nan, 0.05043847, 0.04976264, 0.0665732 ,
              nan, 0.12498457, 0.05513836,        nan, 0.11969421,
              nan,        nan,        nan, 0.09232315, 0.09876324,
       0.04644728, 0.07916479, 0.14672403,        nan, 0.05865991,
              nan,        nan, 0.06066437, 0.08459661,        nan,
              nan, 0.08259161, 0.03796294, 0.08391027,        nan,
              nan, 0.17909381,        nan,        nan, 0.1992747 ,
              nan, 0.147907  , 0.19444252, 0.2127551 , 0.11698097,
       0.18949459, 0.17561035, 0.51367236, 0.09373435, 0.08196112,
       0.09851996, 0.10507015, 0.11754703, 0.11681933,        nan,
       0.10344406,        nan,        nan, 0.08326807,        nan,
       0.42085418, 1.17118385, 0.08615973,        nan, 0.00454133,
       0.20520843]), array([0.00829798, 0.06242296,        nan, 0.07599834, 0.0960633 ,
       0.05986147, 0.07771952, 0.04194444,        nan, 0.07558333,
       0.09550387,        nan, 0.04967991, 0.08413719, 0.07996143,
              nan, 0.0814669 ,        nan, 0.065983  , 0.06587847,
       0.08666139,        nan, 0.0757476 ,        nan,        nan,
       0.05633691,        nan, 0.05561514,        nan, 0.07222727,
       0.07903209, 0.13038498, 0.06010831, 0.09102382, 0.12422084,
       0.049419  , 0.12082841,        nan, 0.09810721,        nan,
       0.05078905, 0.08404415, 0.15218449,        nan,        nan,
       0.07485894,        nan, 0.06525251,        nan,        nan,
              nan,        nan,        nan, 0.08817944,        nan,
              nan,        nan,        nan,        nan,        nan,
              nan, 0.14997994,        nan,        nan,        nan,
              nan,        nan,        nan,        nan,        nan,
              nan,        nan,        nan,        nan,        nan,
              nan,        nan,        nan,        nan,        nan,
              nan,        nan,        nan,        nan,        nan,
              nan]), array([0.00918038, 0.06288163, 0.06624244,        nan,        nan,
       0.06033538, 0.07820719, 0.04264596,        nan, 0.07599059,
       0.09574424, 0.06347791,        nan,        nan,        nan,
       0.1007744 , 0.08211106, 0.07374135, 0.06642497,        nan,
              nan,        nan,        nan,        nan,        nan,
              nan, 0.13177089,        nan,        nan,        nan,
       0.07958673, 0.13065691,        nan,        nan, 0.12455641,
       0.05042267,        nan, 0.10673841, 0.09876719, 0.1045082 ,
              nan,        nan,        nan,        nan,        nan,
              nan,        nan,        nan,        nan,        nan,
              nan,        nan,        nan, 0.08840431,        nan,
              nan,        nan,        nan, 0.19467474,        nan,
              nan,        nan,        nan,        nan,        nan,
              nan, 0.17791183,        nan,        nan,        nan,
              nan,        nan,        nan,        nan,        nan,
              nan,        nan,        nan,        nan,        nan,
              nan,        nan,        nan,        nan,        nan,
              nan]), array([0.00360861, 0.05860136, 0.06273074, 0.07128741, 0.09271042,
       0.05542293, 0.07297026, 0.03787588, 0.08948875, 0.07100054,
       0.09084365, 0.05765813, 0.04412484, 0.07956947, 0.07491695,
       0.09591733, 0.07654811, 0.06725584, 0.06019481, 0.06110566,
       0.08172539, 0.03065448, 0.07071389, 0.06621068, 0.06533409,
       0.05008131, 0.12787998, 0.05086442, 0.04999986, 0.06676536,
       0.07401467, 0.12566389, 0.05558369, 0.08649556, 0.1201765 ,
       0.04368825, 0.11584098, 0.10086788, 0.09304127, 0.09925134,
       0.04672134, 0.07958331, 0.14697819, 0.05931956, 0.05882434,
       0.070186  , 0.07098739,        nan, 0.08479991, 0.85796931,
       0.06802329, 0.08288386, 0.03816817, 0.08404976, 0.23553732,
       0.15313235, 0.17897341, 0.15788613, 0.19186063, 0.19914119,
       0.16222252, 0.14787596, 0.19435802, 0.21272056,        nan,
       0.18951708, 0.17556102, 0.51358383,        nan,        nan,
              nan,        nan,        nan,        nan,        nan,
              nan,        nan,        nan,        nan,        nan,
              nan,        nan,        nan,        nan,        nan,
              nan])]