[0.         0.0035126  0.00704986 0.01050428 0.01399603 0.01735443
 0.02074305 0.02404102 0.03422633 0.03773535 0.04113999 0.04468343
 0.07223443 0.07562839 0.07898464 0.08240332 0.08595042 0.08933402
 0.09275285 0.0961501  0.0996652  0.10304519 0.10647943 0.1098544
 0.11334467 0.11669902 0.1200655  0.12347306 0.12701865 0.13038566
 0.13374139 0.14634475 0.14984779 0.1532933  0.15689134 0.1604574
 0.16395626 0.16748973 0.17104761 0.174561   0.17806273 0.18156974
 0.18514307 0.19396844 0.19734748 0.20071963 0.20408558 0.20745911
 0.21080472 0.21419109 0.21754024 0.22093584 0.22433729 0.22766282
 0.23101507 0.23141353 0.23610461 0.24038741 0.24475522 0.24908678
 0.25325541 0.25758569 0.26185256 0.26613536 0.27038809 0.27456087
 0.27875435 0.28311873 0.28741508 0.29166533 0.29601509 0.30026045
 0.30449424 0.30884341 0.31303593 0.31743734 0.3217622  0.32599678
 0.33009167 0.33451537 0.3387479  0.34304603 0.34711505 0.35144968
 0.35566591 0.36002368 0.36432923 0.36861613 0.373297   0.37762883
 0.38188151 0.39230725 0.39688481 0.40167779 0.40623304 0.41080653
 0.41524969 0.41986607 0.42441355 0.42899776 0.43348498 0.43817648
 0.44280663 0.447444   0.45206551 0.45649287 0.46098437 0.46549123
 0.46989173 0.47441377 0.47865881 0.48297806 0.48762356 0.49213957
 0.49675923 0.47912443 0.48312795 0.48710601 0.49135389 0.49555224
 0.49972765 0.5037896  0.50763022 0.511835   0.51595071 0.52001682
 0.52414811 0.52834939 0.5323607  0.53612006 0.53998963 0.54369308
 0.54765296 0.55149538 0.55526594 0.5592847  0.56317252 0.56698477
 0.57071172 0.57738604 0.58119095 0.58504353 0.58887213 0.59294264
 0.59698152 0.60077105 0.60466374 0.60855792 0.6125809  0.61648223
 0.62028644 0.62444135 0.62823783 0.63201274 0.63581879 0.63966974
 0.64348914 0.64735674 0.65114639 0.65463379 0.65814417 0.66153593
 0.66514608 0.67246743 0.67590061 0.67984406 0.68368728 0.68768734
 0.69167827 0.69565863 0.69954979 0.70353197 0.70733648 0.71119082
 0.71507372 0.7191678  0.7229556  0.72671827 0.73056752 0.73441706
 0.7384465  0.74221118 0.74600271 0.74987485 0.75387286 0.75775371
 0.76159153 0.77070809 0.77452635 0.77835567 0.7822199  0.78617231
 0.78997798 0.79378304]


[array([16.79214065, 16.83380384, 16.7582598 , 16.84717108, 16.81476089,
       16.79025914, 16.81421413, 16.82111143, 16.7651068 , 16.76620203,
       16.72980739, 16.75804294,         nan, 16.74796661, 16.77519037,
       16.78836031, 16.75791263, 16.69490717, 16.72960679, 16.72008603,
       16.78228387, 16.77542123, 16.77650674, 16.69134361, 16.74233546,
       16.75369302, 16.75024614, 16.74445824,         nan, 16.73663176,
       16.7277523 , 16.8379327 , 16.78444498, 16.76596623, 16.82152649,
       16.79935034, 16.77320913, 16.78537159, 16.8068675 , 16.78120492,
       16.81687777, 16.81882904, 16.84228191, 16.85238493, 16.73482374,
       16.79654548, 16.77749393, 16.81123701, 16.8469253 , 16.81153874,
       16.80136524, 16.79836251, 16.73601437, 16.82748657,         nan,
       16.79203674, 16.84167934, 16.75111113,         nan, 16.7868632 ,
       16.79690373, 16.79100916, 16.78452621, 16.83620308, 16.79757544,
       16.75893664, 16.8383573 , 16.77724099, 16.77300396, 16.78030982,
       16.79341562, 16.79641199, 16.75878868, 16.75843731, 16.73900561,
       16.78113506, 16.85397765, 16.75363329, 16.78375526, 16.78237012,
       16.77366369, 16.79476368, 16.76195268, 16.79334512, 16.77217012,
       16.77519811, 16.80458809, 16.79316105, 16.79053499, 16.77907481,
       16.78411604, 16.82406718, 16.86638155, 16.81349776, 16.77687028,
       16.78830571, 16.83109196, 16.78933862, 16.81829121, 16.81607686,
       16.80901894, 16.80440833, 16.78928922, 16.83337725, 16.78606128,
       16.79980028, 16.78181531, 16.78989926, 16.78588843, 16.8175506 ,
       16.78407352, 16.81017649, 16.76670147, 16.8144825 , 16.81679497,
       16.82825823, 16.68588075, 16.82402947, 16.77182518, 16.85060757,
       16.76969984, 16.82410249, 16.80937913, 16.74407345, 16.78173526,
       16.72052024, 16.73245718, 16.81871472, 16.72280511, 16.70199001,
       16.71549307, 16.77187881,         nan, 16.6818591 , 16.77229275,
       16.77595397, 16.69486729, 16.75365388, 16.70631641, 16.73506648,
       16.71007339, 16.73602619, 16.73716689, 16.7136384 , 16.70592956,
       16.76608291, 16.73680772, 16.73332261, 16.75344818, 16.79195579,
       16.72870503, 16.74825589, 16.76289061, 16.66820505, 16.66746248,
       16.76830281, 16.7452533 , 16.76599958, 16.71563079, 16.79507077,
       16.78618868,         nan, 16.76979142, 16.82735808, 16.81794734,
       16.7428331 , 16.8126233 , 16.76713196, 16.77341504, 16.75970601,
       16.78842253, 16.82244193, 16.7830285 , 16.78098906, 16.79575266,
       16.77040863, 16.8104794 , 16.8410323 , 16.81697591, 16.80819669,
       16.75067672, 16.80343654, 16.82587077, 16.79702514, 16.79901262,
       16.80323764, 16.84859411, 16.80112834, 16.7558111 , 16.77420581,
       16.82254633, 16.79751944, 16.78114026, 16.78807506]), array([18.03566168, 17.91782076, 18.03557899, 18.0014208 ,         nan,
       18.05710557,         nan,         nan, 17.9502761 , 18.01489383,
       17.93659966, 18.0104571 , 17.90953368, 17.9156447 , 17.91103533,
       18.06701173, 18.02827575, 17.91424137, 17.98311773, 17.95738663,
       17.90024476, 17.92535375, 17.94282757, 17.94798729, 17.93998368,
       17.92601295, 17.9489521 , 17.91400814, 17.90465541, 17.94533318,
       18.02024931, 17.88377992, 17.87448957, 17.96355747, 18.04859486,
       17.88034634,         nan,         nan,         nan, 18.0122515 ,
               nan,         nan,         nan, 17.99812831,         nan,
       17.95646974, 17.97237996,         nan, 17.87634118,         nan,
       18.11125572, 17.97528289,         nan, 18.10146488, 17.91982122,
               nan, 17.96487899, 18.03434159,         nan,         nan,
       18.05157068,         nan, 17.99783671, 17.94049746,         nan,
       17.98827759, 18.06701728, 17.9550253 , 17.89889701, 17.86045656,
       17.89723476, 17.95655411, 17.91247441, 17.91592425, 18.01197853,
       17.96268411, 17.90365415, 18.02256166, 18.00195226, 18.02548786,
       18.00462642, 17.95447116, 17.94323412, 17.95155362, 17.95434825,
       17.94805572, 18.00237254,         nan, 18.08940981, 17.94993052,
       18.02546983, 18.07358046, 18.0108975 , 17.98694563, 17.98633328,
       17.98262415, 17.97385678, 17.95335767, 17.89972546, 17.97820373,
       18.05135403, 17.97927118, 17.98365917, 17.99584964, 18.01088071,
               nan,         nan,         nan, 17.96270119, 18.0079411 ,
       17.96068301, 18.00397813, 17.98965179, 17.96687887, 18.02444045,
       17.96393047, 18.11707932, 17.95262982,         nan, 18.10513496,
               nan, 18.04343271, 18.04877193, 18.04945036, 17.99255111,
               nan, 18.07472137,         nan, 17.91856986,         nan,
       18.02595178, 18.06521772, 18.07694869, 17.8606452 , 17.86932703,
               nan, 17.93822053, 18.05244065, 17.86518653, 17.86561208,
       17.95008675, 17.90171749, 17.92662838, 17.9248591 , 17.87377807,
               nan, 17.87399068, 17.95816231, 17.92674654, 17.8642139 ,
       18.05801658, 17.98623466, 17.9034663 , 17.96547793, 17.94388716,
       17.98791097, 17.9705766 , 17.95627983, 17.9243267 , 18.00255426,
       18.01866639,         nan, 17.94488977, 17.95885088, 18.00858946,
       18.03746508, 17.98457358, 17.93240372, 18.01376263, 17.96396911,
       18.0290729 , 17.94417251, 17.9583237 , 18.02789486, 17.97619356,
       18.09307811, 17.95074767,         nan, 17.99682079, 18.0285029 ,
       17.91661149, 17.98750481, 18.02753793, 18.03620364, 18.06166569,
       17.9994153 , 18.02182564, 17.959558  , 17.9723688 , 18.00089913,
       17.99139372, 17.99173132, 17.99856577, 17.93895671]), array([17.84498457,         nan, 17.88590917,         nan,         nan,
               nan,         nan,         nan, 17.90636509,         nan,
               nan,         nan, 17.88891487,         nan, 17.83574127,
               nan, 17.8337547 ,         nan, 17.75903357, 17.90100726,
               nan,         nan,         nan,         nan,         nan,
               nan,         nan, 17.83065531,         nan, 17.99707554,
               nan,         nan,         nan,         nan,         nan,
               nan,         nan, 17.81471291,         nan,         nan,
               nan,         nan,         nan,         nan, 17.90461874,
               nan,         nan,         nan,         nan,         nan,
               nan,         nan,         nan,         nan,         nan,
       17.88151968,         nan,         nan, 17.81764177,         nan,
               nan,         nan,         nan,         nan,         nan,
       17.99852617,         nan,         nan,         nan,         nan,
       17.84610786,         nan,         nan,         nan,         nan,
               nan, 17.97204455,         nan,         nan,         nan,
               nan, 17.95446625,         nan,         nan,         nan,
               nan, 18.00488175,         nan, 17.9624165 ,         nan,
       17.8708694 ,         nan,         nan,         nan,         nan,
               nan,         nan,         nan, 17.86632162, 18.00555642,
               nan,         nan,         nan,         nan,         nan,
               nan,         nan,         nan,         nan,         nan,
               nan,         nan,         nan,         nan,         nan,
       17.79498435, 17.76170952,         nan,         nan,         nan,
               nan,         nan,         nan, 17.81552748,         nan,
       17.83099524, 17.85429023,         nan, 17.83067063,         nan,
               nan,         nan, 18.05074345, 17.80902183, 17.90035687,
               nan,         nan,         nan,         nan, 17.83903924,
               nan,         nan,         nan, 17.75130983,         nan,
               nan,         nan, 17.91616745,         nan,         nan,
               nan, 17.85685842,         nan, 17.72888261, 17.87006029,
               nan,         nan,         nan,         nan,         nan,
               nan,         nan,         nan,         nan,         nan,
               nan,         nan,         nan,         nan,         nan,
               nan,         nan, 17.86540495, 17.79780816,         nan,
               nan,         nan,         nan,         nan,         nan,
               nan, 17.91941756,         nan,         nan,         nan,
               nan,         nan,         nan,         nan,         nan,
               nan,         nan,         nan,         nan]), array([15.35308354, 15.37613782, 15.35603932,         nan, 15.39064109,
       15.34123507, 15.36862581, 15.33923502, 15.3371636 , 15.38511942,
       15.31844066, 15.32336219, 15.35160374, 15.28843244, 15.34435118,
       15.32062947, 15.3366434 , 15.28386286, 15.34871809, 15.32883257,
       15.31068045, 15.35584994, 15.30542057, 15.3100836 , 15.32272059,
       15.29872352, 15.3332337 , 15.32401867,         nan, 15.27403937,
       15.34131998, 15.37087943, 15.35894146, 15.35237219, 15.37012249,
       15.40830954, 15.35904943, 15.29476383, 15.31889864, 15.3853053 ,
       15.38932719, 15.33510618, 15.34894982, 15.39658321, 15.3501656 ,
       15.37378957, 15.36299392, 15.3529474 , 15.34134748, 15.39986024,
       15.36758139, 15.37313773, 15.32293084, 15.3374417 , 15.39169332,
       15.37881825, 15.39293631, 15.32933897, 15.3544895 , 15.35534761,
       15.3656083 , 15.33332444, 15.36117284, 15.41517668, 15.33001668,
       15.30480768, 15.37366254, 15.34419216, 15.33143231, 15.3410336 ,
       15.37844357, 15.32247554, 15.35123516, 15.30718834, 15.34017757,
       15.33362149, 15.37634799, 15.31769428, 15.39613128, 15.34306024,
       15.3820705 , 15.35137357, 15.34694156, 15.37494569, 15.33894464,
       15.3310509 , 15.3629068 , 15.38439591, 15.34072739, 15.33488728,
       15.33603093, 15.37690258, 15.36734263, 15.34169347, 15.38575709,
       15.35917818, 15.35981345, 15.36782583, 15.38359038, 15.37756647,
       15.3380127 , 15.37283114, 15.34534176, 15.34968713, 15.36234046,
       15.32411116, 15.33276985, 15.3610909 , 15.3870563 , 15.35575974,
       15.35699375, 15.36378942, 15.35959493, 15.35801008, 15.34938193,
       15.33084264, 15.37474818, 15.37577509, 15.32635279, 15.35669944,
       15.30957439, 15.34107297, 15.34603594, 15.34923667, 15.34770188,
       15.29148637, 15.34698339, 15.33204525, 15.32882539, 15.32888792,
       15.31583068, 15.3760345 ,         nan, 15.33014211, 15.34010261,
       15.38126703, 15.31438908, 15.33185726, 15.28004098, 15.37261428,
       15.3275545 , 15.33114086, 15.36691864, 15.32328279, 15.35211336,
       15.33368189, 15.32024918, 15.30586205, 15.30777374, 15.36186703,
       15.32834402, 15.32168061, 15.384441  , 15.30332925, 15.3206265 ,
       15.35924032, 15.35694777, 15.35886399, 15.34643743, 15.3209517 ,
       15.31545331,         nan, 15.3352701 , 15.37641664, 15.36007612,
       15.35665729, 15.38779668, 15.34422162, 15.36697578, 15.34233688,
       15.34711911, 15.38233628, 15.33410748, 15.37051043, 15.36043307,
       15.36098096, 15.35629075, 15.39725288, 15.36110721, 15.35533934,
       15.37851401, 15.36648634, 15.35901603, 15.41573799, 15.4017766 ,
       15.39694219, 15.40346613, 15.33029209, 15.36763254, 15.35412384,
       15.36069485, 15.34160545, 15.33651887, 15.37912827]), array([18.7449521 , 18.66017534,         nan, 18.79935403, 18.68595955,
               nan,         nan,         nan,         nan, 18.58398687,
       18.81223601,         nan, 18.7266196 , 18.9967632 , 18.82046406,
       18.73137866, 18.96110317,         nan, 18.78766704, 18.83890829,
               nan, 18.74053782,         nan, 18.9535277 , 18.6557292 ,
       18.74439588,         nan, 18.74115337,         nan,         nan,
               nan, 18.83557542,         nan, 18.61652559,         nan,
               nan,         nan,         nan,         nan,         nan,
       18.77021073,         nan, 18.69230817,         nan,         nan,
               nan,         nan,         nan,         nan,         nan,
       18.53493984, 18.61743164, 18.8691888 ,         nan,         nan,
               nan,         nan, 18.58034542, 18.66234666,         nan,
               nan, 18.66324532, 18.85499324,         nan, 18.61300265,
       18.7402996 , 18.90937179, 18.73073289, 18.63031769, 18.96789846,
               nan,         nan, 18.8291674 , 18.98072994, 18.64214063,
       18.83131815, 18.86633614,         nan, 18.90024917,         nan,
               nan, 18.71038832, 18.79255762,         nan, 18.87499791,
       18.84306728,         nan,         nan, 18.74911168, 18.76406345,
       18.86614715,         nan, 18.7702233 , 18.82284099, 18.75954312,
               nan,         nan,         nan,         nan, 18.70706137,
       18.77256406, 18.7325019 , 18.72877237, 18.659689  , 18.84672906,
       18.7853552 , 18.64680799, 18.88088407, 18.85622669,         nan,
       18.7698421 , 18.8677734 , 18.86293863,         nan, 18.73386336,
               nan, 18.88277671, 18.6165705 ,         nan,         nan,
               nan,         nan,         nan,         nan,         nan,
               nan,         nan, 18.6190085 ,         nan, 18.79850142,
               nan, 18.67492217, 18.73521561, 18.89752197,         nan,
               nan, 18.95644572, 18.92912333, 18.99273931,         nan,
       19.01800686,         nan,         nan,         nan, 18.79092697,
       18.77163983,         nan,         nan, 18.92691943,         nan,
       18.66967198, 18.7634196 , 18.71400857,         nan, 18.69778749,
               nan,         nan, 18.87637919, 18.8504979 , 18.80271662,
               nan,         nan, 18.76469241,         nan, 18.80176381,
               nan, 18.73930571,         nan, 18.64590972,         nan,
       18.84530927, 18.58787534, 18.75902779,         nan,         nan,
       18.6525627 ,         nan, 18.74417822,         nan, 18.79669102,
       18.90315297, 18.90498352, 18.74692111, 18.65488162, 18.77898301,
               nan, 18.73794022, 18.75660162,         nan, 18.8227441 ,
       18.7345562 ,         nan,         nan, 18.81226899]), array([15.30374441, 15.31815871, 15.29244103, 15.30676196, 15.32720024,
       15.25830868, 15.32991449, 15.27936483, 15.22926829, 15.22395998,
       15.23432159, 15.26975868, 15.25613718, 15.22774817, 15.25263271,
       15.22663192, 15.20670672, 15.23340268, 15.2120311 , 15.23416017,
       15.23834544, 15.27051242, 15.2171882 , 15.20415544, 15.21148015,
       15.21484743, 15.23384664, 15.20608902,         nan, 15.22549784,
       15.24559651, 15.25458175, 15.25790503, 15.28560123, 15.25519346,
       15.29857867, 15.24953118, 15.26602291, 15.27917226, 15.3024361 ,
       15.25202983, 15.27895788, 15.27627378, 15.33503147, 15.31420952,
       15.28291758, 15.27526764, 15.28795041, 15.29983739, 15.29110293,
       15.32244781, 15.30374191, 15.24640508, 15.29775866, 15.29403868,
       15.24668501, 15.30228494, 15.3019352 , 15.28933114, 15.29098788,
       15.30128092, 15.27906121, 15.25436924, 15.28753567, 15.28453751,
       15.28005982, 15.30802013, 15.28263334, 15.26119406, 15.25613388,
       15.23709049, 15.26540379, 15.23492269, 15.22882183, 15.25145599,
       15.239852  , 15.24862343, 15.23744542, 15.23335235, 15.26384295,
       15.25085976, 15.26484931, 15.25555612, 15.27861808, 15.26221224,
       15.25651425, 15.27330744, 15.25711889, 15.23440263, 15.26173009,
       15.2432067 , 15.28031246, 15.30452501, 15.27276953, 15.26592669,
       15.27096859, 15.25864652, 15.27396349, 15.30071149, 15.27975061,
       15.24890807, 15.30325647, 15.24805664, 15.2484663 , 15.28328236,
       15.25447791, 15.27047971, 15.25136406, 15.28531901, 15.28819854,
       15.28706577, 15.26962546, 15.23829942, 15.26900796, 15.27662088,
       15.22130793, 15.18404531, 15.24804527, 15.19631487, 15.23501843,
       15.22013992, 15.25483437, 15.25840166, 15.26350598, 15.2185389 ,
       15.20597574, 15.26919925, 15.2606341 , 15.23723625, 15.24329297,
       15.20908522, 15.22117303, 15.24263007, 15.22514101, 15.21433618,
       15.26443194, 15.17963175, 15.19153283, 15.19927078, 15.24035035,
       15.24050722, 15.22346612, 15.26366422, 15.18408252, 15.2101651 ,
       15.2559597 , 15.26177499, 15.21560672, 15.25739345, 15.29073911,
       15.22984831, 15.24298506, 15.25881178, 15.21143244, 15.25607094,
       15.22435786, 15.2611268 , 15.24225251, 15.23712804, 15.23698401,
       15.24147044,         nan, 15.23178728, 15.29810097, 15.28515096,
       15.29619503, 15.30077091, 15.28195001, 15.2597634 , 15.2870937 ,
       15.27676501, 15.30620645, 15.28305438, 15.31199721, 15.2888809 ,
       15.29103549, 15.2655885 , 15.30430495, 15.2829449 , 15.29964953,
       15.29511159, 15.29175915, 15.32389216, 15.31105496, 15.30976139,
       15.31079323, 15.30308055, 15.27673412, 15.26590377, 15.25609061,
       15.26634394, 15.28445794, 15.26867101, 15.27170915]), array([15.52315796, 15.57066167, 15.56819918, 15.58817003, 15.58965233,
       15.55076915, 15.60611726, 15.58766448, 15.54265732, 15.60420472,
       15.582479  , 15.61016836, 15.56266504, 15.52364389, 15.53965074,
       15.56967033, 15.52577396, 15.55988514, 15.51704975, 15.56655619,
       15.55336402, 15.55027351, 15.53528899, 15.496228  , 15.57570338,
       15.49900169, 15.57039543, 15.48378485,         nan, 15.54518874,
       15.59251918, 15.54308895, 15.56039019, 15.55796447, 15.56253333,
       15.61201067, 15.55861995, 15.56425629, 15.59221152, 15.57029895,
       15.55025981, 15.57491928, 15.57311265, 15.57316893, 15.57101132,
       15.57361616, 15.56190027, 15.52656256, 15.5446281 , 15.58561376,
       15.60916887, 15.55464223, 15.51064595, 15.566443  , 15.60516257,
       15.57624046, 15.57448648, 15.57401927, 15.59483896,         nan,
       15.60547763, 15.5949785 , 15.5564033 , 15.5792449 , 15.577661  ,
       15.5655422 , 15.5995143 , 15.5740966 , 15.59796176, 15.5628108 ,
       15.58276924, 15.58300766, 15.52723079, 15.52576268, 15.57219516,
       15.59684502, 15.57800648, 15.60058789, 15.54759101, 15.58685424,
       15.54616418, 15.5858522 , 15.5841349 , 15.57552397, 15.58502048,
       15.54184379, 15.56634452, 15.57878387, 15.58069178, 15.58936742,
       15.57163891, 15.58454506, 15.58781278, 15.59583524, 15.53569861,
       15.59129639, 15.60204904, 15.57768888, 15.59277727, 15.60162896,
       15.55979888, 15.61606819, 15.55575768, 15.58798821, 15.60958523,
       15.56717395, 15.59282682, 15.56305184, 15.59331395, 15.63364711,
       15.58177925, 15.59342453, 15.59729073, 15.56648131, 15.58163536,
       15.5667065 , 15.54800592, 15.58121942, 15.49697036, 15.55768311,
       15.57450155, 15.59919906, 15.54171155, 15.58649017, 15.56715758,
       15.57831776, 15.61179892, 15.54902314, 15.58853288, 15.58315084,
       15.53980168, 15.60097349, 15.57103293, 15.54590685, 15.54617373,
       15.58349236, 15.53372556, 15.54467792, 15.5365262 , 15.50453237,
       15.52503451, 15.52269894, 15.5327712 , 15.52736724, 15.53171506,
       15.54370713, 15.53633441, 15.55660288, 15.5431944 , 15.58811696,
       15.52360761, 15.55679795, 15.55866113, 15.49819753, 15.55686185,
       15.54848586, 15.56338409, 15.54262663, 15.57567473, 15.56841039,
       15.54720213,         nan, 15.53664694, 15.5682784 , 15.53133377,
       15.55452838, 15.59066865, 15.57282161, 15.54951227, 15.55072267,
       15.5517069 , 15.59572238, 15.54842392, 15.56537053, 15.57015728,
       15.56228632, 15.58455844, 15.60041766, 15.55542872, 15.54519088,
       15.52700481, 15.54928286, 15.61175532, 15.61260237, 15.58165072,
       15.59624744, 15.58851744, 15.57940563, 15.55377586, 15.58655654,
       15.60348921, 15.57206909, 15.57253579, 15.5937834 ]), array([17.88029829, 17.81785239, 17.94309344, 17.93013573, 17.88735212,
               nan, 17.93659492, 17.96685361, 17.77289998, 17.76507635,
       17.80885827, 17.75009763,         nan,         nan, 17.79931865,
       17.84608495, 17.77255485, 17.74661824, 17.81939925, 17.79626198,
       17.86951358, 17.81956446, 17.8221875 , 17.73741069, 17.85610397,
       17.8412423 ,         nan, 17.87845226,         nan, 17.81554397,
       17.77906887, 17.83139068, 17.87977118, 17.93933311, 17.7634158 ,
       17.95878746, 17.81175218, 17.90866401, 17.87500112, 17.87955573,
               nan,         nan, 17.80130511, 17.98547671,         nan,
       18.01396527,         nan, 17.93463108, 17.94934088, 17.91727621,
       17.88224238, 17.96735464, 17.88594558, 17.91755811,         nan,
       17.82422913,         nan, 17.81996893, 17.78558293, 17.82952499,
               nan, 17.87597192, 17.74780552, 17.81792778,         nan,
               nan, 17.79668411, 17.83269579, 17.82007311, 17.84137165,
       17.82003304, 17.77334867, 17.887742  , 17.8229623 , 17.8197035 ,
       17.8648366 , 17.77579108, 17.84369498, 17.83769217,         nan,
       17.78677512, 17.91289536, 17.87137032, 17.81548275,         nan,
       17.85799564, 17.82719597,         nan, 17.8713016 , 17.80125238,
       17.76407639, 17.88028839, 17.80168681, 17.73907206, 17.86562415,
               nan, 17.90378307, 17.86728037, 17.83827873, 17.82881594,
       17.78575969,         nan, 17.77680413, 17.91340059,         nan,
       17.73124098, 17.88977984, 17.86718827, 17.86196993, 17.80108533,
       17.87037162, 17.83090711, 17.80778969, 17.82156276, 17.824452  ,
               nan, 17.7857721 , 17.83491062,         nan,         nan,
       17.76882649,         nan, 17.86690159, 17.78194366, 17.89118021,
       17.70292148,         nan, 17.88242276, 17.82801762, 17.70473362,
       17.85289744, 17.86547624, 17.74343226, 17.82412958, 17.84081647,
       17.7294662 , 17.77135835, 17.78382104, 17.85441495, 17.84275701,
       17.75829402, 17.83138028, 17.79235468, 17.85479948,         nan,
       17.83053974,         nan, 17.86198279, 17.85069994, 17.81667736,
       17.71789123, 17.7874799 , 17.75562944, 17.82349952, 17.83515119,
       17.79688867, 17.79582062, 17.80426341, 17.8539905 , 17.82945366,
       17.7913731 , 17.88029829, 17.83068033, 17.8729345 , 17.88925804,
       17.88084566, 17.88400466, 17.85178616, 17.83954972, 17.87786432,
       17.88921339, 17.86344677, 17.85148952,         nan, 17.882698  ,
       17.86152152, 17.92821831, 17.90850907, 17.87620965, 17.87974881,
       17.92052101, 17.90096986, 17.87831   , 17.86144066, 17.94226872,
       17.89608709, 17.86026488,         nan, 17.8081252 , 17.7732883 ,
       17.81307996,         nan, 17.88739145, 17.76921332]), array([15.91644715, 15.99680369, 15.957723  , 15.93127965, 15.94067299,
       15.8687809 , 15.9639661 , 15.90158057, 15.84692737, 15.90459735,
       15.89399178, 15.90883399, 15.92816789, 15.90279426, 15.89044511,
       15.87718337, 15.87785656, 15.87499086, 15.88300033, 15.87304678,
       15.90998032, 15.95219975, 15.89889772, 15.86725484, 15.92799317,
       15.88386415, 15.9253452 , 15.8890574 ,         nan, 15.8920553 ,
       15.93369031, 15.931904  , 15.95650292, 15.93379844, 15.89820941,
       15.92619319, 15.96395819, 15.95408494, 15.98268859, 15.91795529,
       15.92386428, 15.89502138, 15.93193037, 15.98019214, 15.93321953,
       15.98134289, 15.96077262, 15.91103789, 15.95612596, 15.9598681 ,
       15.95862952, 15.95927831, 15.90151302, 15.95310508, 15.97482368,
       15.9267654 , 15.93268989, 15.92062471, 15.91153459, 15.93136982,
       15.93063996, 15.9045416 , 15.90420577, 15.91157841, 15.94453358,
       15.90469798, 15.90436827, 15.94764088, 15.89869264, 15.88729378,
       15.91181884, 15.87768912, 15.93265396, 15.86901624, 15.92859286,
       15.90940738, 15.88191476, 15.90700977, 15.88560861, 15.88151131,
       15.8852626 , 15.90259691, 15.89257944, 15.89166422, 15.89525169,
       15.91097475, 15.89580342, 15.89873439, 15.86348243, 15.92817261,
       15.88131198, 15.92571839, 15.94192357, 15.906094  , 15.89689107,
       15.93470857, 15.96407671, 15.92302955, 15.9158687 , 15.93313901,
       15.89120172, 15.93035703, 15.92873567, 15.91486868, 15.93173245,
       15.91834677, 15.90822462, 15.90351961, 15.9224783 , 15.96833574,
       15.92422908, 15.92082172, 15.92698415, 15.93415731, 15.93813624,
       15.88409304, 15.84429691, 15.87700479, 15.84484648, 15.89088369,
       15.83340068, 15.90385336, 15.88338935, 15.90860577, 15.83583086,
       15.84373217, 15.91120118, 15.86540043, 15.88960827, 15.85964966,
       15.90385196, 15.87895015, 15.83713688, 15.86394488, 15.87830712,
       15.85212647, 15.88111473, 15.88434963, 15.84375785, 15.83160208,
       15.88973269, 15.85243557, 15.87859654, 15.89209279, 15.8694208 ,
       15.89880521, 15.89403322, 15.90015622, 15.92213349, 15.92544734,
       15.93022545, 15.90857587, 15.92620256, 15.87732903, 15.90897768,
       15.88262988, 15.92673759, 15.90340002, 15.89500488, 15.90648785,
       15.94930437,         nan, 15.90992577, 15.92473293, 15.93113477,
       15.921257  , 15.92140927, 15.94073123, 15.94486012, 15.94709945,
       15.90357428, 15.95536265, 15.94036328, 15.93762304, 15.9474901 ,
       15.93880616, 15.93104236, 15.95011827, 15.89593808, 15.92208363,
       15.91447977, 15.91597339, 15.98229657, 15.99236393, 15.9614968 ,
       15.97030409, 15.96306658, 15.8811842 , 15.89438266, 15.90549209,
       15.89516768, 15.89989125, 15.88531257, 15.94100971]), array([18.49174787,         nan, 18.27626093,         nan,         nan,
               nan,         nan, 18.44610657,         nan, 18.30238276,
       18.43511564, 18.29933969, 18.38002809,         nan, 18.39164153,
               nan, 18.35272077,         nan, 18.41945108, 18.2389987 ,
               nan, 18.2622106 , 18.38020045,         nan,         nan,
               nan, 18.32578248,         nan,         nan, 18.4110403 ,
       18.3118443 , 18.38397443, 18.43129645, 18.33631039, 18.34459876,
       18.30260507, 18.41862071, 18.24866169, 18.33822213, 18.28086644,
       18.28692131,         nan,         nan, 18.35454617,         nan,
       18.43524742,         nan, 18.4761839 ,         nan, 18.43044043,
               nan, 18.37334765, 18.43613598, 18.21445383,         nan,
       18.32161284,         nan,         nan, 18.3567528 ,         nan,
       18.19005962,         nan,         nan, 18.32720781,         nan,
       18.23914266, 18.23001678, 18.34735403, 18.31685263, 18.33687079,
       18.29906389, 18.42157363, 18.36570505, 18.30726311, 18.3619126 ,
       18.27188261, 18.34859436, 18.34091535, 18.36276375, 18.27833361,
       18.43518936, 18.33413192, 18.3473822 ,         nan, 18.30883067,
       18.36953358, 18.31207507,         nan, 18.3378311 , 18.29198737,
       18.35333614,         nan, 18.30612477, 18.31220823, 18.30706981,
       18.35179259, 18.25668881,         nan, 18.38541409, 18.26290304,
               nan, 18.29479535,         nan, 18.33299568, 18.3620341 ,
               nan,         nan, 18.35260685, 18.29513792, 18.30430603,
       18.33394599, 18.332372  , 18.22179811, 18.33371582, 18.35675254,
               nan, 18.39381744, 18.37287332,         nan, 18.13261363,
               nan, 18.28375219, 18.33294287, 18.37458217, 18.30514937,
               nan, 18.20779906,         nan, 18.32058521, 18.40059122,
       18.32420464, 18.36587056,         nan, 18.28272672,         nan,
       18.20924527,         nan, 18.17757408, 18.28924084, 18.42265456,
       18.38123201, 18.41830379, 18.36922066, 18.31693891,         nan,
               nan, 18.33129697, 18.43056136, 18.29405666,         nan,
       18.44682126, 18.30747574, 18.31088568, 18.43845631, 18.40960893,
       18.32209019,         nan, 18.31121687, 18.28212632, 18.33226811,
       18.41712265,         nan, 18.36187101, 18.35485531, 18.35868012,
       18.39886204, 18.28911479, 18.29751983, 18.36673077, 18.43329223,
               nan, 18.4406398 , 18.42378943,         nan, 18.37339968,
               nan, 18.44282788, 18.30787502, 18.37527827, 18.4950711 ,
       18.46545196, 18.27942981, 18.3024045 , 18.25833591, 18.24919699,
       18.34451167, 18.36564459,         nan, 18.33462815, 18.35202276,
       18.3986505 , 18.31466446,         nan, 18.38420765]), array([17.5174072 , 17.57948896, 17.59579491, 17.61479987,         nan,
       17.65519964, 17.55291048, 17.62026906, 17.54435645, 17.61759751,
       17.58397686, 17.59104951, 17.59198856, 17.55727574, 17.50950431,
       17.49942118, 17.61976481, 17.66742062,         nan, 17.54264887,
               nan, 17.66091237,         nan, 17.61688314, 17.56229276,
       17.52003235, 17.56625373, 17.55966389, 17.64448679, 17.54994963,
       17.60159888,         nan, 17.63281526, 17.56164037, 17.63260905,
       17.60911505,         nan, 17.61903594, 17.58351535, 17.67004313,
       17.57696742, 17.50488903, 17.60895282, 17.56902276, 17.57764935,
       17.68786961, 17.62442741, 17.72613069, 17.6059994 ,         nan,
               nan, 17.66271509, 17.60316135, 17.70349815,         nan,
       17.51399573, 17.60426521, 17.57819371, 17.66665829, 17.549772  ,
               nan, 17.59707749, 17.5797567 ,         nan, 17.55742013,
       17.66424802, 17.56511162, 17.64915676, 17.71579368,         nan,
       17.62677932, 17.57321757, 17.57451478, 17.5791452 , 17.62760342,
       17.56463696, 17.60810951, 17.60405851, 17.61206913, 17.56077224,
       17.60714739, 17.54020908, 17.60912805, 17.58612533, 17.58429694,
       17.64569371, 17.56917094,         nan, 17.54871241, 17.67811644,
       17.49941154,         nan, 17.58775894, 17.59362847, 17.59175457,
       17.54046631, 17.57297605, 17.61025887, 17.56276449, 17.55505228,
       17.5832762 , 17.57584216,         nan, 17.59150682,         nan,
       17.56230564, 17.58775734, 17.55164207,         nan,         nan,
               nan, 17.51859897, 17.58628781, 17.55679182,         nan,
       17.57161202, 17.40421945, 17.62305775, 17.59107073, 17.44851108,
       17.57000134,         nan,         nan, 17.56402523, 17.57718457,
       17.62438987, 17.51803153, 17.50589816, 17.53651205, 17.55207476,
       17.54969508, 17.56293965,         nan, 17.58195136, 17.52859759,
       17.54829538, 17.51644102,         nan, 17.58666046, 17.59164118,
               nan, 17.51252063, 17.67006065, 17.67446664, 17.56155942,
       17.57201317, 17.63581306, 17.5576369 , 17.61511634,         nan,
       17.52041387, 17.58415673, 17.64381475, 17.63592872, 17.60015708,
       17.51515972, 17.5739625 , 17.56127744, 17.56452311, 17.53963598,
       17.51269341,         nan, 17.56161968, 17.61838033, 17.59098116,
               nan, 17.62490984, 17.57977645, 17.63824461, 17.64910014,
               nan, 17.66685182, 17.62466812, 17.57493678, 17.60020297,
       17.57310495, 17.57950738, 17.56726549, 17.59715245, 17.58733478,
       17.65766843, 17.5659261 , 17.61996264, 17.62001917, 17.59229074,
       17.5943581 , 17.54787616, 17.60869533, 17.58077468, 17.59185541,
       17.57789648, 17.57897095, 17.59255677, 17.52221665]), array([15.76678888, 15.81611823, 15.83351905, 15.75458971, 15.77039076,
       15.75300364, 15.77100901, 15.77813604, 15.87326425, 15.91177737,
       15.90781139, 15.92897479, 15.87935513, 15.84621574, 15.88122035,
       15.86664378, 15.83082935, 15.9242322 , 15.89313736, 15.92057887,
       15.87920286, 15.87653113, 15.94216624, 15.86626624, 15.91552098,
       15.94695417, 15.93197873, 15.88023337, 15.80564579, 15.84655172,
       15.88202911, 15.82989318, 15.80568216, 15.90923224, 15.87203727,
       15.82022113, 15.84671367, 15.87430296, 15.87183377, 15.85388877,
       15.82645104, 15.83128114, 15.85788824, 15.81231544, 15.8091375 ,
       15.79539322, 15.78984886, 15.75283216, 15.80174229, 15.78348455,
       15.79519261, 15.81831046, 15.76980944, 15.78400956, 15.8521075 ,
       15.80844248, 15.80038803, 15.8849693 , 15.8981509 , 15.86001964,
       15.90731262, 15.85132329, 15.81896457, 15.86254486, 15.85390892,
       15.82194348, 15.8217387 , 15.92749318, 15.89015751, 15.88409228,
       15.8701617 , 15.89658509, 15.8341904 , 15.88546742, 15.87039695,
       15.87007913, 15.81642833, 15.89434142, 15.84156566, 15.84913799,
       15.86038217, 15.86755399, 15.84028241, 15.85610635, 15.89752006,
       15.83593721, 15.87833644, 15.84156938, 15.85685323, 15.89950513,
       15.8562616 , 15.79428902, 15.83579722, 15.90590333, 15.86280525,
       15.84089092, 15.87047027, 15.807228  , 15.81245941, 15.85177776,
       15.82121759, 15.83948286, 15.86397601, 15.86811598, 15.86250731,
       15.86768159, 15.8571262 , 15.82022749, 15.84925189, 15.86522345,
       15.8848334 , 15.8153465 , 15.87240107, 15.85627217, 15.88491085,
       15.80408357, 15.89666582, 15.90188722, 15.80155913, 15.88265186,
       15.88178119, 15.84230839, 15.86672221,         nan, 15.91384403,
       15.89627825,         nan, 15.88117359, 15.85828894, 15.9038228 ,
       15.86486779, 15.88999748, 15.7957539 , 15.96178301, 15.90562652,
       15.91358364, 15.90189434, 15.94168121, 15.93554595, 15.89070298,
       15.84632985, 15.90406219, 15.85597172, 15.94848626, 15.84812891,
       15.85677328, 15.94810229, 15.87439647, 15.8708098 , 15.86628463,
       15.90487929, 15.87745161, 15.88429701, 15.92909428, 15.88063219,
       15.88332279, 15.8510519 , 15.81945872, 15.85454405, 15.83733108,
       15.83808514,         nan, 15.88371504, 15.83429042, 15.83660479,
       15.84803843, 15.84978197, 15.87720105, 15.8535338 , 15.86192721,
       15.80474544, 15.83931248, 15.82727138, 15.80290833, 15.79781387,
       15.79781735, 15.84399922, 15.80394655, 15.82775788, 15.8061206 ,
       15.79814522, 15.81348233, 15.79613004, 15.83203837, 15.82737995,
       15.81017522, 15.82965062, 15.86257522, 15.84646084, 15.8527027 ,
       15.85288602, 15.8562853 , 15.84237146, 15.86986635]), array([15.81978145, 15.81783128, 15.82262377, 15.68853207, 15.78127224,
       15.75355112, 15.74021041, 15.77032789, 15.98058334, 16.06074361,
       16.01010148, 15.99432236, 15.85495419, 15.87636594, 16.07408798,
       15.95744065, 15.9596107 , 15.95287968, 16.07620418, 16.02794998,
       15.97922142, 15.98116627, 15.99315054, 15.99729102, 15.94342868,
       16.00667581, 15.94586027, 16.00484564, 15.90729349, 15.9856689 ,
       15.93617642, 15.96216421, 15.9029378 , 15.94360542, 15.89311319,
       15.84412168, 15.8798979 , 15.88661045, 15.83598171, 15.89780103,
       15.87836285,         nan, 15.82415208, 15.75658663, 15.74619203,
       15.7496159 , 15.78045814, 15.781965  , 15.81413002, 15.79386726,
       15.82576089, 15.8063405 , 15.80784765, 15.80951355, 15.80207703,
       15.94280783,         nan, 15.87567311,         nan, 15.85207194,
       15.93745889, 15.88307766, 15.89284738, 15.93428843, 15.85514822,
       15.90454344, 15.84871456, 15.83948523, 15.98425873, 15.9368788 ,
       15.9437709 , 15.98655714, 15.98442774, 15.98186654, 15.96285136,
       15.97034948, 15.91150168, 15.94152612,         nan, 15.97422428,
       15.97041192, 15.89942458, 15.9514584 , 15.89892978, 15.89762551,
       15.92190119, 15.90695691, 15.88292388, 15.91768211, 15.91533269,
       15.97931809, 15.84196024, 15.87585153, 15.92189628, 15.9223692 ,
       15.9588251 , 15.92300862, 15.90322582, 15.94566714, 15.92152192,
       15.90265408, 15.8848184 , 15.94687368, 15.91406394, 15.86727225,
       15.89542067, 15.89883765, 15.89834503, 15.91289426, 15.90273952,
       15.95279812, 15.89221025, 15.96686306, 15.97358364, 15.91405815,
       15.97065748, 15.98683108, 15.96171704, 16.00012117, 15.99586675,
       15.98925411, 15.94101682, 16.01762113, 15.95811813, 15.97513622,
       15.99987519, 16.03983055, 15.98587587, 16.07418172, 15.99127832,
       16.04180501,         nan, 15.98104287, 16.01163017, 16.0245529 ,
       16.069283  , 16.02685171, 16.04559898, 16.01291875, 16.05018917,
       15.96847704, 16.01766974, 16.0067892 , 16.02144362, 16.03299942,
       15.90032614, 15.97444899, 15.96575261, 15.9670054 , 15.90978692,
       16.00675924, 16.0219911 , 16.00568537, 16.01158844, 16.02416838,
       16.06285849, 15.92968886, 15.99816331, 15.98628217, 15.98044719,
       15.98902849,         nan, 16.0022655 , 15.82617759, 15.84029904,
       15.90003633, 15.8600177 , 15.90225514, 15.8973823 , 15.8472669 ,
       15.83152207, 15.87249617, 15.82777739, 15.83717115, 15.85744648,
       15.8386704 , 15.80879061, 15.78809756, 15.881812  , 15.7902573 ,
       15.79373626, 15.80492251, 15.83454254, 15.80322619, 15.79748765,
       15.82351891, 15.80807938, 15.84198056, 15.98054874, 15.93620416,
       15.907976  , 15.94930221, 15.86554136, 15.90516215]), array([16.85340453, 16.81991668, 16.79744828, 16.77979395, 16.81943407,
               nan, 16.7326674 , 16.77062295, 16.84772688, 16.84551872,
       16.79728994, 16.82407238, 16.90187912, 16.81503787, 16.83434286,
       16.81605785, 16.81690813, 16.8873523 , 16.87992792, 16.90157397,
       16.8675604 , 16.84441525, 16.88750281, 16.83584546, 16.83717651,
       16.87128221, 16.87653267, 16.92033184, 16.84045366, 16.86736365,
       16.88824805, 16.8309521 , 16.81765559, 16.84746135, 16.87112572,
       16.82277566, 16.84587214, 16.84750508, 16.80626489, 16.75598841,
               nan,         nan, 16.78008026, 16.739886  , 16.79868456,
       16.70223119, 16.84952145, 16.76215364, 16.79709355, 16.8095772 ,
       16.83566925, 16.83544578, 16.88660905, 16.77906997, 16.7633309 ,
       16.85640914, 16.7468141 , 16.85786914, 16.86773895, 16.8267867 ,
       16.81311707, 16.79436669, 16.80637604,         nan, 16.81876181,
               nan, 16.77372189, 16.83983703, 16.85064638, 16.85854753,
       16.8668656 , 16.83316998, 16.85236144, 16.84141212, 16.85976597,
       16.82898996, 16.75556897, 16.83862778,         nan, 16.85093927,
       16.80414953, 16.80785195, 16.81324224, 16.81815828, 16.78571353,
       16.82098066, 16.76825218, 16.76725714, 16.80873819, 16.84214669,
       16.85689596, 16.79032165, 16.80970835, 16.81908184, 16.8699392 ,
       16.80860797, 16.78949374, 16.7645513 , 16.81381709, 16.78564512,
       16.82465869, 16.83886678, 16.86033763, 16.82321184, 16.75690657,
       16.80347025, 16.78005254, 16.78062033, 16.79978436, 16.8506452 ,
       16.8158108 , 16.83960512, 16.85571662, 16.84199795, 16.80107051,
       16.82224594, 16.92147827, 16.84193966, 16.84714168, 16.87697509,
       16.84589173, 16.88632944, 16.84423052, 16.88918972, 16.88393063,
       16.84845108, 16.84173092, 16.83281024, 16.94527449, 16.90452685,
       16.88484464, 16.87632743, 16.76390543, 16.94883535, 16.82030634,
       16.91583946, 16.82775496, 16.83847886, 16.90856724, 16.92341718,
       16.86839458, 16.96187751, 16.85616792, 16.90509963,         nan,
       16.78904256, 16.83646949, 16.83278638, 16.78719444, 16.84069243,
       16.88377746,         nan, 16.86437592, 16.94751503, 16.89564047,
       16.90698844, 16.84588839, 16.87326237, 16.90773535, 16.85621633,
       16.84348799,         nan, 16.86307429, 16.82412048, 16.78269619,
       16.82383623, 16.80313646, 16.88782586, 16.85133167, 16.77343967,
       16.78818703, 16.77550527,         nan, 16.78193179, 16.83010046,
       16.82542596, 16.79391212,         nan, 16.82760312, 16.77280354,
       16.76696919, 16.79730207, 16.75343421,         nan, 16.75028109,
       16.77640807, 16.76535258, 16.77998329, 16.8700307 , 16.80836813,
       16.79750019, 16.82633376, 16.78612369,         nan]), array([15.66645501, 15.64855347, 15.64221229, 15.57823044, 15.61291769,
               nan, 15.57647906, 15.60318448, 15.67675984, 15.6790102 ,
       15.61404104, 15.65163897, 15.60576924, 15.59513598, 15.65042883,
       15.60680863, 15.62963977, 15.68857762, 15.68430391, 15.662059  ,
       15.62056641, 15.65012221, 15.70137408, 15.6490458 , 15.68285431,
       15.66659737, 15.63139322, 15.64155542, 15.55696361, 15.67316329,
       15.66002538, 15.65154673, 15.65728603, 15.6517022 , 15.58703877,
       15.63770381, 15.65982525, 15.66544892, 15.59379946, 15.61252302,
       15.624434  , 15.60022088, 15.60042597, 15.56679592, 15.61768346,
       15.57111458, 15.59300827, 15.56082518, 15.5948592 , 15.58442032,
       15.61166211, 15.61967935, 15.6532019 , 15.62831554, 15.63546972,
       15.65987882, 15.56786772, 15.66493236, 15.65740503, 15.58680732,
       15.6229837 , 15.5696839 , 15.61406532, 15.6371018 , 15.62479694,
       15.60532719, 15.62877143, 15.61748653, 15.69578923, 15.63396554,
       15.69154834, 15.63412432, 15.6196562 , 15.66107344, 15.67729056,
       15.63943276, 15.61315619, 15.61802212, 15.58915408, 15.64328621,
       15.61341596, 15.62922699, 15.65525066, 15.58791755, 15.62784038,
       15.6063239 , 15.59291111, 15.59105905, 15.55815945, 15.62950383,
       15.62196463, 15.53897811, 15.59903674, 15.63360386, 15.63848837,
       15.61215584, 15.61416359, 15.59062234, 15.6294161 , 15.60535578,
       15.5848982 , 15.61227263, 15.62831171, 15.63184965, 15.58803344,
       15.62827676, 15.59118328, 15.60896924, 15.63564126, 15.60727906,
       15.62523709, 15.6064416 , 15.61275322, 15.62717641, 15.64554626,
       15.63433484, 15.72272851, 15.65341072, 15.6362084 , 15.7071747 ,
       15.62963783, 15.6025113 , 15.58660353, 15.71356549, 15.63017797,
       15.69475024, 15.70997243, 15.60465442, 15.68599474, 15.65690864,
       15.69178963, 15.69552802, 15.55783393, 15.68481613, 15.63255921,
       15.6414722 , 15.63062781, 15.67287382, 15.65388444, 15.6549242 ,
       15.66394009, 15.70681929, 15.6638079 , 15.72723597, 15.66288335,
       15.6190896 , 15.6904993 , 15.65610643, 15.6425789 , 15.65518208,
       15.71610936, 15.6932876 , 15.69190061, 15.72616703, 15.64296267,
       15.6618826 , 15.6079323 , 15.65162682, 15.67116872, 15.65654274,
       15.67004253,         nan, 15.66884117, 15.6356221 , 15.63055511,
       15.64215684, 15.61695719, 15.68449395, 15.66409889, 15.62630031,
       15.60027772, 15.61270086, 15.62992089, 15.60391568, 15.63954956,
       15.60762429, 15.62415597, 15.56300655, 15.62508963, 15.57808058,
       15.57702729, 15.60917842, 15.60299689, 15.61673623, 15.61181872,
       15.59811966, 15.62171182, 15.61488615, 15.68967556, 15.65051713,
       15.64288964, 15.62698915, 15.61164175, 15.63606877])]


[array([0.00542907, 0.06277383, 0.07600833, 0.07156329, 0.04318553,
       0.06119672, 0.06734618, 0.06178914, 0.07900722, 0.11793723,
       0.09076446, 0.10402513,        nan, 0.09977139, 0.0946435 ,
       0.06502863, 0.09687905, 0.10534459, 0.09652995, 0.11242563,
       0.08217396, 0.10131273, 0.09530436, 0.11208252, 0.07961796,
       0.09114125, 0.09255003, 0.08220077,        nan, 0.08699463,
       0.08857757, 0.08114928, 0.07118852, 0.08472662, 0.08151552,
       0.08809757, 0.05389135, 0.09000842, 0.07408883, 0.0910711 ,
       0.07849937, 0.04482572, 0.06283143, 0.08080995, 0.05254752,
       0.09289736, 0.05455946, 0.08006235, 0.07082407, 0.05032208,
       0.07787344, 0.07651881, 0.0571165 , 0.10462647,        nan,
       0.07138159, 0.06911674, 0.07113388,        nan, 0.05058942,
       0.11568786, 0.06481431, 0.06811698, 0.08578455, 0.06153129,
       0.10524851, 0.09958319, 0.08122691, 0.11114895, 0.1084018 ,
       0.09274381, 0.08321473, 0.08128712, 0.11306942, 0.08227811,
       0.09274199, 0.09505222, 0.08241992, 0.08267577, 0.08926767,
       0.07485867, 0.07360323, 0.07624042, 0.06325791, 0.09098447,
       0.07657594, 0.0892988 , 0.06109774, 0.07949118, 0.09562565,
       0.0830245 , 0.0554437 , 0.07586837, 0.09134055, 0.07350574,
       0.07426457, 0.09340891, 0.06319979, 0.07045055, 0.0940134 ,
       0.05791243, 0.07609741, 0.06583592, 0.07564344, 0.07644187,
       0.06930418, 0.06646415, 0.07307487, 0.08370384, 0.08479574,
       0.07752277, 0.07070965, 0.10623678, 0.07891299, 0.06825583,
       0.06920925, 0.10589517, 0.08977561, 0.08192743, 0.13320951,
       0.08966275, 0.08993348, 0.08964243, 0.07184918, 0.09573234,
       0.10566571, 0.11534007, 0.08018922, 0.1072523 , 0.09888144,
       0.09650109, 0.07092568,        nan, 0.12516014, 0.09599556,
       0.13488959, 0.11516616, 0.14160189, 0.13546029, 0.10207626,
       0.11296378, 0.09860282, 0.09624356, 0.11939866, 0.10111603,
       0.05617599, 0.10977842, 0.07332559, 0.10475124, 0.07619333,
       0.09083778, 0.09475789, 0.10409509, 0.10676203, 0.08874777,
       0.10221289, 0.06462748, 0.09118441, 0.0987769 , 0.07678859,
       0.06995633,        nan, 0.08220475, 0.06406001, 0.05885397,
       0.05167529, 0.07790579, 0.08232553, 0.07035975, 0.06501872,
       0.04778599, 0.08220062, 0.05179169, 0.04427453, 0.05431834,
       0.04711605, 0.055113  , 0.07597204, 0.05629353, 0.0471081 ,
       0.08057725, 0.0827818 , 0.07817914, 0.09133712, 0.08758339,
       0.06781056, 0.06044618, 0.06056099, 0.08081928, 0.07709434,
       0.06254084, 0.079211  , 0.05199211, 0.07453263]), array([0.00808198, 0.0646859 , 0.07831026, 0.07339412,        nan,
       0.06297363,        nan,        nan, 0.08078035, 0.1200852 ,
       0.09306917, 0.10614222, 0.07499441, 0.10202476, 0.0968644 ,
       0.06720776, 0.09900796, 0.10755445, 0.09900926, 0.11471281,
       0.08401329, 0.10308253, 0.09742574, 0.11456304, 0.08169842,
       0.09376228, 0.09488383, 0.08398804, 0.10094503, 0.08944416,
       0.09106746, 0.08291572, 0.07276072, 0.08656776, 0.08315237,
       0.08971058,        nan,        nan,        nan, 0.09265807,
              nan, 0.04720957,        nan, 0.08217839,        nan,
       0.09439866, 0.05619099,        nan, 0.07219271,        nan,
       0.07987883, 0.07851163,        nan, 0.10640348, 0.07334608,
              nan, 0.07065812, 0.07356459,        nan,        nan,
       0.1178135 ,        nan, 0.07025855, 0.08761501,        nan,
       0.10749788, 0.10158585, 0.0840734 , 0.11368821, 0.11057877,
       0.09505347, 0.0857707 , 0.08381177, 0.11579625, 0.08512675,
       0.09512137, 0.09706936, 0.08515148, 0.08547596, 0.09195287,
       0.0780314 , 0.07584736, 0.07866694, 0.06518897, 0.09341121,
       0.07918119, 0.09158031,        nan, 0.08219591, 0.09856335,
       0.08609897, 0.05749721, 0.07805365, 0.09389329, 0.07616965,
       0.0765848 , 0.09568487, 0.0653364 , 0.07248567, 0.09615751,
       0.06067652, 0.07818673, 0.06839755, 0.07814697, 0.07865358,
              nan,        nan,        nan, 0.08585339, 0.08700639,
       0.07988481, 0.07315945, 0.10884047, 0.08151833, 0.0708993 ,
       0.07136975, 0.10926902, 0.09207057,        nan, 0.13554461,
              nan, 0.09195589, 0.0918634 , 0.07430388, 0.09850253,
              nan, 0.11783881,        nan, 0.11024601,        nan,
       0.0994062 , 0.07352619, 0.11235625, 0.12824457, 0.09829527,
              nan, 0.11766227, 0.14461774, 0.13841106, 0.10503854,
       0.11575928, 0.10162571, 0.09886771, 0.12276486, 0.10404284,
              nan, 0.11291667, 0.07618547, 0.10781738, 0.07828833,
       0.09429353, 0.09817175, 0.10687803, 0.11060356, 0.0923575 ,
       0.1054154 , 0.06750431, 0.09403886, 0.1020374 , 0.07992828,
       0.07299759,        nan, 0.08513005, 0.06670876, 0.06195337,
       0.05448522, 0.0805196 , 0.08522475, 0.07344492, 0.06801161,
       0.0506098 , 0.0848365 , 0.05461494, 0.04690609, 0.05730807,
       0.04997657, 0.05773145,        nan, 0.05932038, 0.04987164,
       0.08315871, 0.0854765 , 0.08097237, 0.09396812, 0.09060888,
       0.07043635, 0.06313104, 0.06307749, 0.08380183, 0.0799022 ,
       0.06520705, 0.08167738, 0.05436684, 0.0770063 ]), array([0.00783472,        nan, 0.07806474,        nan,        nan,
              nan,        nan,        nan, 0.08070442,        nan,
              nan,        nan, 0.07499673,        nan, 0.09674459,
              nan, 0.09877655,        nan, 0.09857095, 0.11466636,
              nan,        nan,        nan,        nan,        nan,
              nan,        nan, 0.08393935,        nan, 0.08950916,
              nan,        nan,        nan,        nan,        nan,
              nan,        nan, 0.0914307 ,        nan,        nan,
              nan,        nan,        nan,        nan, 0.05390924,
              nan,        nan,        nan,        nan,        nan,
              nan,        nan,        nan,        nan,        nan,
       0.07326262,        nan,        nan, 0.08851677,        nan,
              nan,        nan,        nan,        nan,        nan,
       0.10748314,        nan,        nan,        nan,        nan,
       0.09501657,        nan,        nan,        nan,        nan,
              nan, 0.09719712,        nan,        nan,        nan,
              nan, 0.07589333,        nan,        nan,        nan,
              nan, 0.0915894 ,        nan, 0.08187782,        nan,
       0.08566481,        nan,        nan,        nan,        nan,
              nan,        nan,        nan, 0.07241532, 0.09610994,
              nan,        nan,        nan,        nan,        nan,
              nan,        nan,        nan,        nan,        nan,
              nan,        nan,        nan,        nan,        nan,
       0.07108084, 0.10848086,        nan,        nan,        nan,
              nan,        nan,        nan, 0.07395632,        nan,
       0.1081264 , 0.11748871,        nan, 0.11011056,        nan,
              nan,        nan, 0.11234052, 0.12815499, 0.09840565,
              nan,        nan,        nan,        nan, 0.10496235,
              nan,        nan,        nan, 0.12240972,        nan,
              nan,        nan, 0.07611178,        nan,        nan,
              nan, 0.0976761 ,        nan, 0.10992199, 0.09211575,
              nan,        nan,        nan,        nan,        nan,
              nan,        nan,        nan,        nan,        nan,
              nan,        nan,        nan,        nan,        nan,
              nan,        nan, 0.05434883, 0.04643747,        nan,
              nan,        nan,        nan,        nan,        nan,
              nan, 0.08537693,        nan,        nan,        nan,
              nan,        nan,        nan,        nan,        nan,
              nan,        nan,        nan,        nan]), array([0.00300894, 0.06069672, 0.07402457,        nan, 0.04129263,
       0.05941919, 0.06561523, 0.05990402, 0.07715152, 0.11595622,
       0.08858529, 0.10207125, 0.07083183, 0.0975033 , 0.09240765,
       0.0629459 , 0.09481515, 0.10330588, 0.09436484, 0.11031709,
       0.08009472, 0.09938894, 0.0931356 , 0.10986862, 0.07748139,
       0.0886581 , 0.09034232, 0.08022544,        nan, 0.08468479,
       0.08643261, 0.07907544, 0.06936208, 0.08278412, 0.07968731,
       0.08627981, 0.05211467, 0.08815404, 0.07211142, 0.08932081,
       0.07665935, 0.04334144, 0.06119436, 0.07902158, 0.05091048,
       0.0911228 , 0.0527249 , 0.07824435, 0.06896533, 0.04856208,
       0.07580053, 0.07433183, 0.05497002, 0.10257122, 0.07059855,
       0.06926946, 0.06722793, 0.06887195, 0.08449233, 0.04848381,
       0.11366533, 0.06278194, 0.06597247, 0.08381167, 0.05945993,
       0.10313273, 0.09754017, 0.07874336, 0.1087675 , 0.10624675,
       0.09048051, 0.08088137, 0.07905818, 0.11064782, 0.0799961 ,
       0.09060477, 0.09299631, 0.08030522, 0.08051898, 0.08711779,
       0.07249352, 0.07160621, 0.07423951, 0.06148169, 0.0889415 ,
       0.07444199, 0.08726784, 0.05928758, 0.07734917, 0.0932361 ,
       0.0807285 , 0.05357404, 0.07389176, 0.08918897, 0.0714535 ,
       0.07232126, 0.09137101, 0.06134829, 0.06855203, 0.0921143 ,
       0.05580543, 0.07429612, 0.06375109, 0.07353604, 0.07463069,
       0.06738362, 0.06458152, 0.07107185, 0.08189667, 0.08288818,
       0.07559549, 0.06875381, 0.10421415, 0.07680919, 0.06613557,
       0.06672451, 0.10327549, 0.08735958, 0.07965473, 0.13076386,
       0.0871681 , 0.08758053, 0.08733415, 0.06954585, 0.09304168,
       0.10322499, 0.11310423, 0.07787464, 0.10459003, 0.09655731,
       0.09403184, 0.0686151 ,        nan, 0.12251901, 0.09359491,
       0.13276252, 0.11290898, 0.13907579, 0.13281915, 0.09947831,
       0.11052713, 0.09588935, 0.09391154, 0.11656652, 0.0987497 ,
       0.05384433, 0.10721897, 0.07097344, 0.10222829, 0.074108  ,
       0.08839316, 0.09222802, 0.10178502, 0.10412786, 0.08631132,
       0.09981552, 0.06249458, 0.08894065, 0.09637552, 0.0742658 ,
       0.06752923,        nan, 0.07982332, 0.0617104 , 0.05636383,
       0.04962298, 0.07574844, 0.08004414, 0.06805471, 0.06273341,
       0.04555514, 0.07998661, 0.04947484, 0.04220587, 0.05196214,
       0.04505133, 0.05289251, 0.07401734, 0.05387382, 0.04491941,
       0.07852334, 0.08057767, 0.0759216 , 0.08936963, 0.08537803,
       0.06571876, 0.05825794, 0.05844873, 0.07865902, 0.07499808,
       0.06040472, 0.07720039, 0.05006649, 0.0725304 ]), array([0.0096344 , 0.0659769 ,        nan, 0.07438929, 0.04618109,
              nan,        nan,        nan,        nan, 0.121018  ,
       0.09457267,        nan, 0.07633009, 0.10388942, 0.09842762,
       0.06823902, 0.10036638,        nan, 0.10051696, 0.11627734,
              nan, 0.10417952,        nan, 0.11626376, 0.08286353,
       0.09552407,        nan, 0.08512762,        nan,        nan,
              nan, 0.0841836 ,        nan, 0.08749727,        nan,
              nan,        nan,        nan,        nan,        nan,
       0.08103659,        nan, 0.06464458,        nan,        nan,
              nan,        nan,        nan,        nan,        nan,
       0.0805132 , 0.07949158, 0.06033969,        nan,        nan,
              nan,        nan, 0.07475746, 0.08988032,        nan,
              nan, 0.06775411, 0.07155256,        nan, 0.06444142,
       0.10870076, 0.10274542, 0.08595973, 0.1154318 , 0.11265069,
              nan,        nan, 0.08577653, 0.11841534, 0.08677249,
       0.09687451, 0.09889018,        nan, 0.08758262,        nan,
              nan, 0.07742821, 0.08059483,        nan, 0.09555606,
       0.08112928,        nan,        nan, 0.0837223 , 0.10097364,
       0.08835831,        nan, 0.07952676, 0.09605436, 0.07805847,
              nan,        nan,        nan,        nan, 0.09755764,
       0.06250379, 0.07953908, 0.0704768 , 0.07979322, 0.08030948,
       0.07316214, 0.07029862, 0.07770462, 0.08757923,        nan,
       0.08179246, 0.07516179, 0.1111149 ,        nan, 0.07277445,
              nan, 0.11073101, 0.09318549,        nan,        nan,
              nan,        nan,        nan,        nan,        nan,
              nan,        nan, 0.08333298,        nan, 0.10296481,
              nan, 0.07459056, 0.11314103, 0.13089885,        nan,
              nan, 0.11945304, 0.14659795, 0.14114177,        nan,
       0.11796689,        nan,        nan,        nan, 0.10676741,
       0.06088011,        nan,        nan, 0.11068446,        nan,
       0.09631154, 0.10065776, 0.1090193 ,        nan, 0.09499337,
              nan,        nan, 0.0965168 , 0.10510445, 0.08236038,
              nan,        nan, 0.08763203,        nan, 0.06428053,
              nan, 0.08261773,        nan, 0.07528526,        nan,
       0.05285734, 0.08665847, 0.05699129,        nan,        nan,
       0.0515651 ,        nan, 0.07986176,        nan, 0.05188711,
       0.08559035, 0.08794507, 0.08298955, 0.09554902, 0.09293073,
              nan, 0.06502275, 0.06509699,        nan, 0.08218687,
       0.06726372,        nan,        nan, 0.07906283]), array([0.00295009, 0.06063293, 0.07394788, 0.06959853, 0.04122193,
       0.05933928, 0.06557598, 0.05984174, 0.07704146, 0.11579257,
       0.08848489, 0.10201133, 0.07072382, 0.09743383, 0.09230035,
       0.06284095, 0.09467147, 0.10324987, 0.09420833, 0.1102147 ,
       0.08001141, 0.09929594, 0.09303569, 0.10973855, 0.07736051,
       0.08854635, 0.09022575, 0.08009595,        nan, 0.08463191,
       0.08631496, 0.07894548, 0.06925041, 0.08271041, 0.0795748 ,
       0.08615719, 0.05199943, 0.08811993, 0.07206605, 0.08923174,
       0.0765177 , 0.04328527, 0.06111824, 0.07895931, 0.05086425,
       0.09101785, 0.05263169, 0.0781788 , 0.0689177 , 0.04844899,
       0.07574987, 0.0742475 , 0.05487317, 0.1025272 , 0.07050761,
       0.06912146, 0.06713619, 0.06883786, 0.08442109, 0.04841353,
       0.11359146, 0.06270734, 0.06585552, 0.08368052, 0.05941281,
       0.10310434, 0.09747568, 0.07865762, 0.10868842, 0.10615127,
       0.09031657, 0.08080972, 0.07892332, 0.11055174, 0.07989262,
       0.09049934, 0.09286275, 0.0802192 , 0.08033826, 0.08703266,
       0.07234075, 0.07151327, 0.07414627, 0.06139225, 0.08886175,
       0.07436103, 0.08717639, 0.05916524, 0.07723615, 0.09315076,
       0.08062221, 0.05347634, 0.07383684, 0.08911481, 0.07132372,
       0.07223229, 0.09127329, 0.06126008, 0.06847181, 0.09202499,
       0.05571517, 0.07423263, 0.06364907, 0.07343233, 0.07455417,
       0.06731788, 0.06452548, 0.07096284, 0.08180284, 0.08281878,
       0.07552961, 0.06866324, 0.10409352, 0.07671587, 0.06606428,
       0.0665806 , 0.10299521, 0.08719982, 0.07949894, 0.13060852,
       0.08704811, 0.08747481, 0.08722065, 0.06943782, 0.09285925,
       0.10312008, 0.11301298, 0.07778795, 0.10446405, 0.09644868,
       0.09389521, 0.06841829, 0.1081311 , 0.122374  , 0.09343987,
       0.13262715, 0.1127408 , 0.1388935 , 0.13270602, 0.09929777,
       0.11040726, 0.09573868, 0.09377354, 0.11635922, 0.09856731,
       0.05374733, 0.1071341 , 0.07086167, 0.10216155, 0.07402781,
       0.0882689 , 0.09212927, 0.10163378, 0.10400311, 0.08623129,
       0.0996488 , 0.06238015, 0.08880696, 0.09623867, 0.07416061,
       0.06744113,        nan, 0.07970008, 0.06161737, 0.05626403,
       0.04955969, 0.07565198, 0.0799714 , 0.06792589, 0.06267264,
       0.04547602, 0.07990175, 0.0494115 , 0.04213892, 0.05187991,
       0.04497882, 0.05278965, 0.07392009, 0.05378076, 0.04485531,
       0.07843368, 0.08049209, 0.07587751, 0.0892597 , 0.08527049,
       0.06562729, 0.05815234, 0.05839331, 0.07854234, 0.07489405,
       0.06030641, 0.07714709, 0.05000047, 0.07241863]), array([0.00324685, 0.06092527, 0.07427426, 0.06990035, 0.0415148 ,
       0.05964107, 0.06586025, 0.06016741, 0.07738269, 0.11621664,
       0.08891274, 0.10239653, 0.07109285, 0.09780811, 0.0926596 ,
       0.06323819, 0.09505143, 0.10363505, 0.09458648, 0.11062406,
       0.0803808 , 0.0996154 , 0.09341328, 0.11011249, 0.0778015 ,
       0.08893204, 0.09065648, 0.0804155 ,        nan, 0.08503925,
       0.08674837, 0.07928178, 0.06957919, 0.08302605, 0.07990591,
       0.08651701, 0.05233375, 0.08844876, 0.07242698, 0.0895231 ,
       0.07684215, 0.04356043, 0.06141157, 0.07922696, 0.0511426 ,
       0.09133898, 0.05295118, 0.0784433 , 0.06920243, 0.04877323,
       0.07610452, 0.07457595, 0.05522328, 0.10285303, 0.07082263,
       0.06952787, 0.06743266, 0.06920016, 0.084803  ,        nan,
       0.11394275, 0.06308079, 0.06622198, 0.08400936, 0.05975288,
       0.10344768, 0.09780734, 0.07905574, 0.10912455, 0.10651578,
       0.09075428, 0.08120566, 0.07928602, 0.11093812, 0.08029577,
       0.09092128, 0.09323225, 0.08063172, 0.08071662, 0.08741053,
       0.07271589, 0.07186457, 0.07451021, 0.06168813, 0.08921971,
       0.07468755, 0.08749624, 0.05948844, 0.07762583, 0.0935653 ,
       0.08102266, 0.0537841 , 0.07413297, 0.0894834 , 0.07162154,
       0.07256525, 0.09163606, 0.06156596, 0.06877923, 0.09234992,
       0.05605978, 0.07453995, 0.06399099, 0.07379795, 0.07487007,
       0.06763383, 0.06484808, 0.07130461, 0.08210979, 0.08316983,
       0.07584059, 0.06899623, 0.10447874, 0.07704294, 0.06639463,
       0.06705759, 0.10357838, 0.08764607, 0.07989035, 0.13103501,
       0.0875417 , 0.08793959, 0.08759842, 0.06987381, 0.0933741 ,
       0.10363276, 0.11346713, 0.07816292, 0.10499739, 0.09691496,
       0.0943651 , 0.0689331 , 0.10852983, 0.12286731, 0.09388643,
       0.13302639, 0.11320059, 0.13937965, 0.13320445, 0.09968833,
       0.11081022, 0.09618878, 0.09414626, 0.11690324, 0.09900081,
       0.05411385, 0.10752469, 0.07129791, 0.10254945, 0.07437523,
       0.0886576 , 0.09255361, 0.10201631, 0.10442353, 0.08665154,
       0.10006553, 0.06275203, 0.08917595, 0.09668774, 0.07459138,
       0.06782938,        nan, 0.08007823, 0.06196179, 0.05659035,
       0.04985253, 0.07599782, 0.0803308 , 0.06828852, 0.06299588,
       0.04580731, 0.08024765, 0.04974314, 0.04243271, 0.05223117,
       0.04528509, 0.05316365, 0.07423725, 0.05412632, 0.04514851,
       0.07870481, 0.08079784, 0.07622145, 0.08959618, 0.08560442,
       0.06595298, 0.05848219, 0.05872701, 0.07887804, 0.07526101,
       0.06068442, 0.0774515 , 0.05031458, 0.07276479]), array([0.00788441, 0.06453765, 0.07814353, 0.07327892, 0.04490715,
              nan, 0.0689144 , 0.0633726 , 0.08052515, 0.11968342,
       0.09279235, 0.10570829,        nan,        nan, 0.09666573,
       0.06684444, 0.0986214 , 0.10727158, 0.09862389, 0.11444036,
       0.08396926, 0.10296976, 0.09721191, 0.11413352, 0.08156096,
       0.09351635,        nan, 0.08396159,        nan, 0.08914317,
       0.09051352, 0.08279916, 0.07269162, 0.08654249, 0.08282892,
       0.08973416, 0.05528328, 0.09143616, 0.07566278, 0.09246409,
              nan,        nan, 0.0639036 , 0.08215557,        nan,
       0.09441882,        nan, 0.08151916, 0.07221007, 0.05173702,
       0.07955632, 0.07848818, 0.05903894, 0.10620475,        nan,
       0.07311637,        nan, 0.0732611 , 0.08849291, 0.05239246,
              nan, 0.0665234 , 0.06983978, 0.08748929,        nan,
              nan, 0.10119508, 0.08374999, 0.11347745, 0.11052154,
       0.09491341, 0.08536454, 0.08368974, 0.11558845, 0.08471769,
       0.09493302, 0.09686481, 0.08480913, 0.08502875,        nan,
       0.07738414, 0.07574176, 0.07851502, 0.06498203,        nan,
       0.07892062, 0.0912761 ,        nan, 0.08170921, 0.09809743,
       0.08534628, 0.05725672, 0.07765574, 0.09332463, 0.0758895 ,
              nan, 0.09553458, 0.06514748, 0.072304  , 0.09581705,
       0.0600637 ,        nan, 0.06797083, 0.07789361,        nan,
       0.07104659, 0.06854107, 0.07525714, 0.08558705, 0.0866074 ,
       0.07966318, 0.07275106, 0.10842852, 0.08109407, 0.07042039,
              nan, 0.10846299, 0.09175014,        nan,        nan,
       0.09171003,        nan, 0.09154381, 0.07384751, 0.09829361,
       0.10779601,        nan, 0.08198385, 0.11000253, 0.10095922,
       0.09906543, 0.07315048, 0.11194857, 0.12808225, 0.09817081,
       0.13661844, 0.11737056, 0.14395996, 0.13832159, 0.10493549,
       0.11534853, 0.10151048, 0.09855346, 0.12262903,        nan,
       0.05858776,        nan, 0.07597726, 0.10749855, 0.07820776,
       0.0933654 , 0.09748571, 0.10643286, 0.110174  , 0.09187897,
       0.10484405, 0.06696488, 0.09362675, 0.10182318, 0.07937065,
       0.0723488 , 0.00591909, 0.08480061, 0.0665464 , 0.0615695 ,
       0.05406567, 0.08029073, 0.0849841 , 0.07296717, 0.06768928,
       0.05030566, 0.08458074, 0.05431536,        nan, 0.0570228 ,
       0.04943045, 0.05765213, 0.07801568, 0.05891933, 0.04942889,
       0.0830828 , 0.08527214, 0.0806263 , 0.09357468, 0.09027195,
       0.07015548, 0.06271014,        nan, 0.08329035, 0.07932528,
       0.06470509,        nan, 0.05411246, 0.07659846]), array([0.00382699, 0.06144846, 0.07476263, 0.07030366, 0.04194245,
       0.05999434, 0.06625115, 0.06052998, 0.07774546, 0.1166116 ,
       0.08934129, 0.10277077, 0.07158363, 0.09833287, 0.09314407,
       0.06363789, 0.09550832, 0.10405134, 0.09509747, 0.11104461,
       0.08083071, 0.10010083, 0.09389718, 0.11064404, 0.07827861,
       0.08950783, 0.09115974, 0.08092657,        nan, 0.08553689,
       0.08723429, 0.07977305, 0.07005319, 0.08350732, 0.08029571,
       0.08690214, 0.052798  , 0.08889922, 0.07289265, 0.08992263,
       0.07728175, 0.04386271, 0.06178136, 0.07967447, 0.05153302,
       0.09180726, 0.05341535, 0.07889932, 0.06966001, 0.04919561,
       0.07657085, 0.07512631, 0.05576192, 0.10333359, 0.07119465,
       0.06998666, 0.06786065, 0.06970088, 0.08521692, 0.04921792,
       0.11436384, 0.06347762, 0.06669583, 0.08443443, 0.06020756,
       0.1038989 , 0.09819681, 0.07962897, 0.10955935, 0.10694371,
       0.09122906, 0.08161334, 0.079845  , 0.11144202, 0.08080503,
       0.09134069, 0.09359585, 0.0810424 , 0.08116917, 0.08780314,
       0.07319802, 0.07225042, 0.07489992, 0.06203861, 0.08960752,
       0.07516728, 0.0879076 , 0.05984829, 0.07800244, 0.09405308,
       0.081446  , 0.05416911, 0.07453854, 0.0898666 , 0.07208075,
       0.07297936, 0.09208128, 0.06195592, 0.06914923, 0.09272865,
       0.05647094, 0.07489672, 0.06445987, 0.07419805, 0.07524147,
       0.06802788, 0.0652037 , 0.07170512, 0.08248661, 0.08355326,
       0.07624061, 0.06937974, 0.10488803, 0.0774989 , 0.06683858,
       0.06753368, 0.10409397, 0.08810694, 0.08038009, 0.13154941,
       0.08795823, 0.08839036, 0.08808781, 0.07037257, 0.09383562,
       0.10406675, 0.11391286, 0.0786234 , 0.1055312 , 0.09735152,
       0.09493832, 0.06933939, 0.10888688, 0.12341473, 0.09438683,
       0.13340138, 0.11369738, 0.13991485, 0.1337225 , 0.10022298,
       0.11137674, 0.09675226, 0.0946718 , 0.11755921, 0.09951236,
       0.05462633, 0.10809741, 0.07179725, 0.10313082, 0.0748005 ,
       0.08928251, 0.09310419, 0.10255191, 0.10506295, 0.08722109,
       0.10055343, 0.06322904, 0.08967106, 0.09718129, 0.07509239,
       0.06839434,        nan, 0.08061119, 0.06243952, 0.05717647,
       0.05032729, 0.07643137, 0.08084903, 0.06884942, 0.06355995,
       0.04626556, 0.08072481, 0.05027653, 0.042894  , 0.05277286,
       0.04576172, 0.05362685, 0.07465572, 0.05461277, 0.0456291 ,
       0.07920421, 0.08127643, 0.0767172 , 0.09007164, 0.08612008,
       0.06642736, 0.05896381, 0.0591073 , 0.07933141, 0.07567187,
       0.06105933, 0.07784195, 0.05067926, 0.07319426]), array([0.00913699,        nan, 0.07877384,        nan,        nan,
              nan,        nan, 0.06400943,        nan, 0.12060736,
       0.09393551, 0.10657481, 0.07573811,        nan, 0.09775474,
              nan, 0.09953605,        nan, 0.09969403, 0.11531454,
              nan, 0.10356378, 0.09812528,        nan,        nan,
              nan, 0.09559448,        nan,        nan, 0.09027913,
       0.09156953, 0.08363159, 0.07337049, 0.08709776, 0.0834999 ,
       0.09016575, 0.05601642, 0.09189527, 0.07627656, 0.09293957,
       0.08049801,        nan,        nan, 0.08255091,        nan,
       0.09482645,        nan, 0.08209677,        nan, 0.05227019,
              nan, 0.07908919, 0.05978363, 0.10662056,        nan,
       0.0739184 ,        nan,        nan, 0.08939368,        nan,
       0.11809095,        nan,        nan, 0.08831207,        nan,
       0.10791536, 0.10190035, 0.08497103, 0.11468645, 0.11143914,
       0.09599486, 0.08681403, 0.08476416, 0.11673024, 0.08608354,
       0.09581515, 0.09790337, 0.08597469, 0.08634011, 0.0925581 ,
       0.07926516, 0.07668772, 0.07952095,        nan, 0.09421086,
       0.08009661, 0.0921875 ,        nan, 0.0827661 , 0.09952032,
       0.08687036,        nan, 0.07866272, 0.09468665, 0.07688417,
       0.07742562, 0.09640428,        nan, 0.07325878, 0.09670231,
              nan, 0.07877109,        nan, 0.07892146, 0.07930557,
              nan,        nan, 0.07636471, 0.08646794, 0.08754707,
       0.08072855, 0.07394449, 0.10946269, 0.08245268, 0.07176042,
              nan, 0.10974094, 0.0927433 ,        nan, 0.13568294,
              nan, 0.09239723, 0.09228394, 0.07486075, 0.09919935,
              nan, 0.11810394,        nan, 0.11117756, 0.10230693,
       0.10010726, 0.07402957,        nan, 0.12935482,        nan,
       0.13750443,        nan, 0.14506316, 0.13947998, 0.10651751,
       0.1167627 , 0.10321995, 0.09986654, 0.12403661,        nan,
              nan, 0.11420792, 0.07732918, 0.10889023,        nan,
       0.09553913, 0.09912042, 0.10792424, 0.11223591, 0.09383014,
       0.10642281,        nan, 0.0949617 , 0.10317754, 0.08089551,
       0.07412919,        nan, 0.08641381, 0.06781924, 0.06291013,
       0.05530379, 0.08124808, 0.08632698, 0.07438478, 0.06925823,
              nan, 0.08603345, 0.05580704,        nan, 0.05846102,
              nan, 0.05897166, 0.07882822, 0.06035133, 0.05105027,
       0.08445538, 0.08629015, 0.0817425 , 0.0945041 , 0.09117621,
       0.07130116, 0.06393708,        nan, 0.08478916, 0.080773  ,
       0.06629763, 0.0824644 ,        nan, 0.07800577]), array([0.00695792, 0.06407573, 0.07750433, 0.07276156,        nan,
       0.06242541, 0.06838541, 0.06293698, 0.08015593, 0.11933975,
       0.09228964, 0.10542819, 0.07436024, 0.10132637, 0.09603955,
       0.06626169, 0.09832968, 0.10707737,        nan, 0.11393954,
              nan, 0.10264592,        nan, 0.1138531 , 0.08100658,
       0.09279248, 0.09408547, 0.08342803, 0.10058378, 0.08857985,
       0.09019567,        nan, 0.07234399, 0.08594218, 0.0826038 ,
       0.08926511,        nan, 0.0911131 , 0.07523839, 0.09218465,
       0.07955681, 0.0455143 , 0.06365699, 0.08169373, 0.05354265,
       0.093993  , 0.05570632, 0.08131389, 0.0718444 ,        nan,
              nan, 0.07795623, 0.05853435, 0.10585641,        nan,
       0.0725765 , 0.07015334, 0.07271201, 0.08811308, 0.05189362,
              nan, 0.06610572, 0.06947661,        nan, 0.06271769,
       0.1067831 , 0.10078364, 0.08318966, 0.11312263,        nan,
       0.09446518, 0.08484114, 0.08294109, 0.11491363, 0.08418732,
       0.09427618, 0.09644772, 0.08418979, 0.08446143, 0.09084135,
       0.07683274, 0.07501818, 0.07787984, 0.06452443, 0.09256677,
       0.07837585, 0.09071837,        nan, 0.08099679, 0.09771805,
       0.08465778,        nan, 0.07715837, 0.09291953, 0.07519232,
       0.07568882, 0.09485079, 0.06468114, 0.07175555, 0.09527064,
       0.05950584, 0.07738616,        nan, 0.0771733 ,        nan,
       0.07064319, 0.06789751, 0.07454642,        nan,        nan,
              nan, 0.0720793 , 0.10784712, 0.08047541,        nan,
       0.07058807, 0.10761   , 0.09132744, 0.0834049 , 0.13443702,
       0.09125127,        nan,        nan, 0.07341981, 0.09754427,
       0.10758439, 0.11681629, 0.08140579, 0.10922529, 0.10060047,
       0.09827589, 0.07253282,        nan, 0.12735933, 0.09756821,
       0.13625809, 0.11676515,        nan, 0.13760418, 0.10420955,
              nan, 0.10060835, 0.09822779, 0.12194461, 0.10315138,
       0.0579599 , 0.11210414, 0.07517895, 0.10685543,        nan,
       0.09280595, 0.09685417, 0.10612798, 0.10950869, 0.09119269,
       0.10408339, 0.06643024, 0.09298316, 0.10091973, 0.07860607,
       0.07166687,        nan, 0.08403527, 0.06586833, 0.06068125,
              nan, 0.07960738, 0.08420691, 0.07238561, 0.06705344,
              nan, 0.08404057, 0.0537302 , 0.04587281, 0.05625434,
       0.04874201, 0.05680283, 0.07728606, 0.05814201, 0.04877996,
       0.08246481, 0.08448314, 0.07987861, 0.09297254, 0.08932396,
       0.0694211 , 0.06197584, 0.0621911 , 0.08267591, 0.07880781,
       0.06414038, 0.08074804, 0.05349531, 0.07598809]), array([0.00359402, 0.06121149, 0.07458277, 0.07009788, 0.04171891,
       0.05985406, 0.06603509, 0.06037144, 0.07772644, 0.11658947,
       0.08932373, 0.10276183, 0.0714841 , 0.09823421, 0.09311207,
       0.06359571, 0.0954235 , 0.10409891, 0.09507525, 0.11108466,
       0.08076748, 0.09999183, 0.09392876, 0.11062299, 0.07822884,
       0.08960952, 0.0911512 , 0.08088026, 0.09834026, 0.08544782,
       0.08713814, 0.07962708, 0.06985531, 0.08343693, 0.08024041,
       0.08675524, 0.05263786, 0.08878136, 0.0727675 , 0.08983539,
       0.07714386, 0.04379499, 0.06168418, 0.07947514, 0.05138229,
       0.09158182, 0.05321165, 0.07868969, 0.06946981, 0.04898036,
       0.07632999, 0.07491482, 0.05554786, 0.1031115 , 0.07105681,
       0.06981294, 0.06768843, 0.06960979, 0.08516887, 0.04910568,
       0.11430553, 0.06338782, 0.06655502, 0.0843524 , 0.06007526,
       0.10376106, 0.09805714, 0.07958025, 0.10952281, 0.10691473,
       0.09113543, 0.08162177, 0.07968268, 0.11143774, 0.08069939,
       0.09125949, 0.09350057, 0.08100009, 0.08107838, 0.08773038,
       0.07314733, 0.07219644, 0.07480457, 0.0619766 , 0.08959372,
       0.07504867, 0.08786591, 0.05976795, 0.0779646 , 0.09399063,
       0.08138706, 0.05400546, 0.07439274, 0.0898506 , 0.07202299,
       0.07284503, 0.09194607, 0.06181404, 0.06902109, 0.09261983,
       0.05636367, 0.07478272, 0.06435464, 0.07412275, 0.07514536,
       0.0679467 , 0.06513521, 0.07158761, 0.08237852, 0.08341433,
       0.07617733, 0.06924697, 0.10480285, 0.07738985, 0.0667569 ,
       0.06737606, 0.10415318, 0.08810787, 0.08029362, 0.13149336,
       0.08799547, 0.08824491, 0.08801454,        nan, 0.0939384 ,
       0.10410151,        nan, 0.07858871, 0.10545417, 0.09739287,
       0.09484684, 0.06933183, 0.10880762, 0.12354425, 0.09438716,
       0.1334438 , 0.11371067, 0.13996743, 0.13384796, 0.10030593,
       0.11128916, 0.09682403, 0.09460677, 0.11762688, 0.09946283,
       0.05455227, 0.10816981, 0.07174198, 0.10303219, 0.07470796,
       0.08922544, 0.09303002, 0.10247533, 0.10512423, 0.08715395,
       0.10054084, 0.06311534, 0.0895409 , 0.09710253, 0.07497872,
       0.06822784,        nan, 0.0805584 , 0.06230764, 0.05701895,
       0.05021226, 0.07631043, 0.08074089, 0.06869997, 0.06341631,
       0.04612466, 0.08055203, 0.05010559, 0.04270909, 0.05254348,
       0.04556332, 0.05349112, 0.07446662, 0.05450088, 0.04546356,
       0.07903513, 0.08112304, 0.07646032, 0.08984358, 0.08592243,
       0.06620154, 0.05877966, 0.05906424, 0.07925064, 0.07558792,
       0.06098246, 0.07777515, 0.05060096, 0.07309116]), array([0.00364136, 0.06120547, 0.07456285, 0.07001237, 0.0417228 ,
       0.05983212, 0.06598945, 0.06035685, 0.07782692, 0.11674105,
       0.08945347, 0.10282281, 0.071429  , 0.09825703, 0.09335536,
       0.06369217, 0.09555789, 0.10410858, 0.09530831, 0.11122054,
       0.080863  , 0.10007246, 0.09397024, 0.11077722, 0.07823305,
       0.08967756, 0.09113577, 0.08099657, 0.09841397, 0.08562266,
       0.08719732, 0.07976147, 0.06993638, 0.0834396 , 0.08023995,
       0.08675757, 0.05265687, 0.0887751 , 0.07267909, 0.08984611,
       0.07719582,        nan, 0.06163214, 0.07940206, 0.05131103,
       0.09152207, 0.05318237, 0.0787113 , 0.06945991, 0.04898298,
       0.07635947, 0.07489803, 0.05559424, 0.10313522, 0.0710033 ,
       0.06994687,        nan, 0.0695942 ,        nan, 0.04907316,
       0.11431991, 0.06339946, 0.06661808, 0.08440334, 0.06006083,
       0.10382476, 0.09806324, 0.07942838, 0.10964281, 0.1069709 ,
       0.0912025 , 0.0817164 , 0.07986159, 0.11156302, 0.08079985,
       0.09136775, 0.0935799 , 0.08104199,        nan, 0.08787975,
       0.07328878, 0.0722011 , 0.07490819, 0.06199977, 0.0895753 ,
       0.07514227, 0.08786667, 0.05979614, 0.07801386, 0.09398572,
       0.08153997, 0.05403629, 0.07442815, 0.08986273, 0.07208095,
       0.0729646 , 0.09198939, 0.06189783, 0.06912981, 0.09266995,
       0.05644666, 0.07480326, 0.06444577, 0.07417171, 0.07513576,
       0.06796078, 0.06516298, 0.07166869, 0.08243591, 0.08344609,
       0.07623942, 0.06931874, 0.10490259, 0.07752592, 0.06678503,
       0.0675809 , 0.10423509, 0.08815455, 0.08053538, 0.13163097,
       0.08811585, 0.08834085, 0.08819938, 0.07035954, 0.0939977 ,
       0.10420823, 0.11401331, 0.07869934, 0.10575911, 0.09747572,
       0.09506889,        nan, 0.10897087, 0.12361108, 0.09452024,
       0.13357403, 0.11385368, 0.14010206, 0.13393912, 0.10054435,
       0.11143646, 0.096978  , 0.09479512, 0.11772857, 0.09973135,
       0.05459037, 0.10818686, 0.07185306, 0.10317196, 0.07474786,
       0.08936041, 0.09324605, 0.10263238, 0.10525256, 0.08736241,
       0.10079337, 0.06320581, 0.08976646, 0.09730157, 0.0751758 ,
       0.06842086,        nan, 0.08070826, 0.06229069, 0.05700958,
       0.05026813, 0.07631877, 0.08077455, 0.06875497, 0.06339468,
       0.04615142, 0.08058853, 0.0501012 , 0.04275045, 0.05262291,
       0.04560361, 0.0534356 , 0.07443993, 0.05456734, 0.0454412 ,
       0.07901235, 0.08111121, 0.07650347, 0.08981079, 0.08587659,
       0.0662175 , 0.05874518, 0.0590358 , 0.07942587, 0.07568355,
       0.0610453 , 0.07786627, 0.05063168, 0.07312526]), array([0.00545945, 0.06269946, 0.0760467 , 0.07143405, 0.04314309,
              nan, 0.06721464, 0.06168615, 0.07906002, 0.11801874,
       0.09077595, 0.10408734, 0.07309978, 0.09984041, 0.0947035 ,
       0.06502119, 0.09692455, 0.10562173, 0.09674322, 0.11269932,
       0.08225822, 0.10136243, 0.09544913, 0.11230048, 0.07969526,
       0.09134496, 0.09276008, 0.08241162, 0.0995844 , 0.08718997,
       0.08880618, 0.08111504, 0.07116746, 0.0847977 , 0.08153852,
       0.08811775, 0.05394945, 0.09003882, 0.07407705, 0.09098652,
              nan,        nan, 0.06272407, 0.08061441, 0.0525214 ,
       0.09275199, 0.05459275, 0.08000112, 0.07073406, 0.05027309,
       0.07786328, 0.07651335, 0.0572643 , 0.10451105, 0.07206881,
       0.07136126, 0.06891347, 0.07124478, 0.08670901, 0.05057494,
       0.115648  , 0.06474908, 0.06807673,        nan, 0.06146323,
              nan, 0.09944704, 0.08129449, 0.11124754, 0.10848991,
       0.0928115 , 0.08323208, 0.08140161, 0.11318134, 0.08245684,
       0.09280064, 0.09488497, 0.08254532,        nan, 0.08933923,
       0.0748691 , 0.07356098, 0.07628919, 0.06322632, 0.09097633,
       0.07660054, 0.08917788, 0.06102064, 0.07947879, 0.09568262,
       0.08312163, 0.0553322 , 0.0757389 , 0.09131455, 0.07363199,
       0.07424412, 0.0933008 , 0.0631188 , 0.07039036, 0.09389946,
       0.05792366, 0.07607819, 0.06592797, 0.07557394, 0.07638043,
       0.069264  , 0.0664389 , 0.07300576, 0.08367282, 0.08477043,
       0.0775655 , 0.07073131, 0.10631951, 0.0789358 , 0.06819712,
       0.06908496, 0.10630032, 0.08976342, 0.08198706, 0.13322439,
       0.08974683, 0.08994643, 0.08968087, 0.07202914, 0.09588309,
       0.10589019, 0.11545361, 0.08012976, 0.10766169, 0.09917798,
       0.09678132, 0.07101137, 0.11027365, 0.12567138, 0.09605061,
       0.1350153 , 0.11533436, 0.14168458, 0.13581243, 0.10245191,
       0.11321661, 0.09908299, 0.09639888, 0.11980534,        nan,
       0.05622109, 0.10998096, 0.07349607, 0.10477659, 0.07622537,
       0.09112493,        nan, 0.10423848, 0.107401  , 0.08923583,
       0.10249407, 0.0647971 , 0.09138443, 0.09915557, 0.07685854,
       0.07003503,        nan, 0.08234978, 0.06401534, 0.05875955,
       0.05175106, 0.07785796, 0.08253559, 0.0704811 , 0.0650358 ,
       0.04774084, 0.08210195,        nan, 0.04424111, 0.05435712,
       0.04716472, 0.05505494,        nan, 0.05626944, 0.04699528,
       0.08059241, 0.08271998, 0.07802215,        nan, 0.08747981,
       0.0677235 , 0.06028853, 0.06049827, 0.08099782, 0.07711432,
       0.06248574, 0.07923541, 0.05196092,        nan]), array([0.00340235, 0.0609916 , 0.07433468, 0.06988147, 0.0415214 ,
              nan, 0.0658114 , 0.06016883, 0.07747566, 0.11629148,
       0.08893136, 0.10241604, 0.0711256 , 0.09787916, 0.0927685 ,
       0.06325902, 0.09514945, 0.103771  , 0.09478295, 0.11072345,
       0.08043772, 0.09969546, 0.09359562, 0.11029248, 0.07790519,
       0.08915337, 0.09071313, 0.08057786, 0.09806837, 0.08518171,
       0.08682141, 0.0793863 , 0.06966289, 0.08311681, 0.07992007,
       0.08651957, 0.05241851, 0.08852184, 0.07239981, 0.08954275,
       0.07690384, 0.04355323, 0.06142143, 0.07920373, 0.05116381,
       0.09132266, 0.05296368, 0.07846075, 0.06921864, 0.04875246,
       0.07607539, 0.07463318, 0.05537855, 0.10289403, 0.07081996,
       0.06959292, 0.06740247, 0.0692806 , 0.08484399, 0.04875105,
       0.11395014, 0.06301906, 0.06627532, 0.08405516, 0.05976671,
       0.10346749, 0.09780226, 0.07910641, 0.10923176, 0.10657269,
       0.090856  , 0.0812388 , 0.07937473, 0.11110438, 0.0804133 ,
       0.09095678, 0.09324586, 0.08064152, 0.08074784, 0.08745932,
       0.07278852, 0.07188967, 0.07456905, 0.06168445, 0.08924637,
       0.07475216, 0.08751527, 0.05948863, 0.07758354, 0.09360293,
       0.0810589 , 0.05372742, 0.07412602, 0.08950428, 0.07172896,
       0.07258007, 0.09163694, 0.06157341, 0.06879971, 0.09233659,
       0.05607108, 0.07452587, 0.06406265, 0.07382965, 0.07484402,
       0.06768125, 0.06483473, 0.07133179, 0.08212793, 0.08311814,
       0.07586793, 0.06899738, 0.10448103, 0.077101  , 0.06645719,
       0.06709954, 0.10380292, 0.08772629, 0.08003854, 0.13121346,
       0.08758599, 0.08791247, 0.08761142, 0.0700019 , 0.09344677,
       0.10376723, 0.1135553 , 0.07820628, 0.10512436, 0.09699997,
       0.09454826, 0.06903   , 0.10848783, 0.1230559 , 0.0939778 ,
       0.13305613, 0.11330384, 0.13954351, 0.13335221, 0.09989263,
       0.11099244, 0.09645841, 0.09429807, 0.11719579, 0.09917031,
       0.05419468, 0.10773789, 0.07141335, 0.10267427, 0.0744336 ,
       0.08891594, 0.09273125, 0.10217528, 0.10476608, 0.08676178,
       0.10020492, 0.06278292, 0.08929255, 0.09680729, 0.07470237,
       0.06797127,        nan, 0.08023768, 0.06202503, 0.05670505,
       0.04994722, 0.07600891, 0.08046253, 0.0684225 , 0.06308018,
       0.04584824, 0.080254  , 0.04982844, 0.04246337, 0.05231023,
       0.04532781, 0.05319585, 0.07418851, 0.05419967, 0.0451751 ,
       0.07874776, 0.08085176, 0.07619488, 0.08957943, 0.08562454,
       0.06593759, 0.05850258, 0.05875734, 0.07903317, 0.07533038,
       0.06071805, 0.07749379, 0.05034133, 0.07280332])]