[0.         0.0034511  0.0070323  0.01046083 0.01400936 0.01736868
 0.02072372 0.02406268 0.03420764 0.03768735 0.04111924 0.04464354
 0.07224936 0.07564669 0.07900313 0.08241433 0.08594107 0.08932544
 0.09271277 0.09614184 0.09965509 0.10303666 0.1064248  0.10985051
 0.11334282 0.11670065 0.12006768 0.12346891 0.1270142  0.13037938
 0.13373881 0.14632655 0.14983668 0.15327812 0.15681594 0.16044121
 0.16389347 0.16742178 0.17103443 0.17452863 0.17802583 0.18154004
 0.185093   0.19395607 0.19734313 0.20070114 0.20410395 0.20746744
 0.21078469 0.21417443 0.21754756 0.22094147 0.22434285 0.22767116
 0.23102874 0.23072142 0.2358919  0.24018086 0.24455648 0.24885822
 0.25306431 0.25736086 0.26165412 0.26590714 0.27020715 0.2743419
 0.27855205 0.28296895 0.28714163 0.2914793  0.29584002 0.30010207
 0.30432077 0.30855441 0.31287747 0.31725999 0.32158985 0.32582077
 0.32994932 0.33435513 0.3384592  0.34289635 0.34695687 0.35117317
 0.35550053 0.35972848 0.36405366 0.36834927 0.37313068 0.37736523
 0.38158347 0.39140467 0.3966337  0.40139564 0.40595065 0.41051017
 0.41499482 0.41957445 0.42411585 0.42875597 0.43323434 0.43779426
 0.44250247 0.44716591 0.45168382 0.45626364 0.46075861 0.46517575
 0.46965523 0.47416315 0.47842006 0.48274603 0.48723212 0.4918162
 0.49639863 0.47909206 0.48303332 0.4870156  0.49109598 0.49534802
 0.49959728 0.50361144 0.50743796 0.5116169  0.51572896 0.51982827
 0.52405098 0.52808462 0.53215437 0.53604946 0.53979359 0.54354303
 0.54746874 0.55134714 0.55517485 0.55912298 0.56304626 0.56684113
 0.5705768  0.57729108 0.58107821 0.58491143 0.58877769 0.59290478
 0.59679142 0.60067216 0.60447111 0.60846811 0.61234011 0.61634932
 0.62019755 0.62428428 0.62805126 0.63192432 0.63569142 0.63955468
 0.64332947 0.64727175 0.65114082 0.65457999 0.65809116 0.66151531
 0.66513379 0.67239379 0.67589192 0.67975658 0.68358105 0.68757067
 0.69155016 0.69556538 0.69946121 0.70332272 0.70723891 0.71104654
 0.71490706 0.7189747  0.72284259 0.72660799 0.73045221 0.73432527
 0.73825204 0.74209745 0.74586614 0.74978408 0.75373696 0.75764968
 0.76141891 0.77061605 0.774363   0.77818776 0.78213001 0.78596902
 0.78990669 0.79362243]


[array([15.51844646, 15.51049713, 15.52093622, 15.56897402, 15.59238815,
       15.53977685, 15.58509268, 15.58475282, 15.6318993 , 15.60155639,
       15.60322364, 15.69798171, 15.63576054, 15.64603718, 15.60826773,
       15.57295602, 15.62433412, 15.64288914, 15.63628733, 15.60278656,
       15.60802502, 15.64166189, 15.57452929, 15.58003905, 15.64850107,
       15.62602077, 15.57737411, 15.68482407, 15.60699374, 15.64331759,
       15.57755993, 15.61802165, 15.56521256, 15.59485142, 15.60184646,
       15.61127215, 15.60467179, 15.59423981, 15.64991258, 15.59623181,
       15.60499502, 15.60403471, 15.60073378, 15.54334836, 15.54540361,
       15.61678567, 15.55544514, 15.56486014, 15.55760885, 15.57575827,
       15.57820765, 15.53348285, 15.56553147, 15.58472766, 15.60470839,
       15.66078293, 15.6232729 , 15.59864142, 15.64802217, 15.58946094,
       15.6332071 , 15.64145955, 15.66811378, 15.60174131, 15.65339467,
       15.61453932, 15.6274153 , 15.5845596 , 15.63187248, 15.63795339,
       15.623439  , 15.61179054, 15.60606958, 15.62390372, 15.65614621,
       15.6445468 , 15.63128754, 15.60761716, 15.66422109, 15.66265953,
       15.62098935, 15.62479972, 15.65037212, 15.66393793, 15.67257247,
       15.66288958, 15.6828527 , 15.6749138 , 15.67314292, 15.65191558,
       15.59555738, 15.64436202, 15.6241676 , 15.60853982, 15.59412982,
       15.60955112, 15.65911508, 15.66348766, 15.64075458, 15.66023678,
       15.65338389, 15.65212009, 15.65738414, 15.61568127, 15.63078049,
       15.62888879, 15.62008717, 15.618023  , 15.65353654, 15.6281854 ,
       15.61090612, 15.62102134, 15.6081304 , 15.61604051, 15.57262874,
       15.67528237, 15.6398794 , 15.63646539, 15.74913409, 15.6798841 ,
       15.66781616, 15.66107696, 15.6692359 , 15.68299306, 15.63874821,
       15.66535161, 15.64924786, 15.64529634, 15.6559728 , 15.74059621,
       15.70543111, 15.68117669, 15.6427529 , 15.72486883, 15.6843906 ,
       15.69179456, 15.67191256, 15.68062628, 15.68051265, 15.61341533,
       15.62196916, 15.59283793, 15.54984655, 15.61469458, 15.58212879,
       15.58913138, 15.59193435, 15.57260376, 15.56264573, 15.58088392,
       15.58947364, 15.55039567, 15.58183447, 15.55986232, 15.58655923,
       15.6236144 , 15.6010638 , 15.62174048, 15.57720197, 15.56188523,
       15.61397466, 15.58386254, 15.61982365, 15.61588886, 15.59230494,
       15.56620583, 15.57553981, 15.54113181, 15.5879974 , 15.54955311,
       15.5228979 , 15.58755051, 15.56669027, 15.54499845, 15.58655731,
       15.57644102, 15.56692896, 15.59029753, 15.59811127, 15.56228599,
       15.62503335, 15.58384456, 15.59085697, 15.56166029, 15.60577854,
       15.60105344, 15.58451337, 15.58647242, 15.58496496, 15.58026134,
       15.57365676, 15.63811592, 15.64996694, 15.58610149]), array([15.32831065, 15.33702811, 15.32411268, 15.32654133, 15.32725696,
       15.36715826, 15.32104082, 15.41739892, 15.59167587, 15.55763006,
       15.62464628, 15.63604878, 15.6555309 , 15.56679156, 15.5183148 ,
       15.56812308, 15.61993895, 15.65683199, 15.67488262, 15.59792381,
       15.61942928, 15.64867431, 15.58159728, 15.55812337, 15.56106705,
       15.64643046, 15.61818379, 15.72945824, 15.58292469, 15.60759906,
       15.61667899, 15.52143184, 15.53862002, 15.46229043, 15.47445904,
       15.4961697 , 15.46032867, 15.47514319, 15.47312222, 15.43655327,
       15.50275451, 15.47079046, 15.4506151 , 15.33867173, 15.35812243,
       15.34891711, 15.395502  , 15.34899532, 15.35637485, 15.38936054,
       15.35222468, 15.41290051, 15.37888854, 15.31804181, 15.44839826,
       15.59663396, 15.60597773, 15.50927447, 15.51870871, 15.47506863,
       15.50209656, 15.54664129, 15.5563847 , 15.5078262 , 15.6009513 ,
       15.52399572, 15.57447208, 15.56286322, 15.5643911 , 15.65573408,
       15.59654018, 15.58433763, 15.61887005, 15.57355367, 15.61804186,
       15.64611723, 15.56621513, 15.57181244, 15.60889518, 15.61712298,
       15.58446475, 15.68350857, 15.65634982, 15.67996938, 15.65466535,
       15.62402558, 15.67479812, 15.69898526, 15.69862985, 15.65729066,
       15.63530303, 15.62301093, 15.50498913, 15.56907822, 15.60087627,
       15.60122898, 15.6091971 , 15.55642831, 15.57741421, 15.52159899,
       15.62183642, 15.58787231, 15.53470339, 15.55880434, 15.57766473,
       15.59276704, 15.5452513 , 15.55687919, 15.52428745, 15.54088451,
       15.54343298, 15.56307744, 15.56343541, 15.5856641 , 15.5829838 ,
       15.67107116, 15.64085422, 15.72504534, 15.71237803, 15.64632776,
       15.65495435, 15.64923914, 15.6543043 , 15.67095387, 15.66421726,
       15.70436328, 15.67384264, 15.68576976, 15.67834073, 15.76180896,
       15.69518377, 15.67579454, 15.6702146 , 15.73628453, 15.73840934,
       15.79395357, 15.75206077, 15.761852  , 15.74597424, 15.6422788 ,
       15.62762059, 15.56415283, 15.5432233 , 15.57740733, 15.56924975,
       15.65932299, 15.63870314, 15.59588439, 15.57295226, 15.58765362,
       15.63700301, 15.59373115, 15.61174402, 15.58081261, 15.55205478,
       15.59637011, 15.5834876 , 15.53856775, 15.5132742 , 15.54682472,
       15.59599813, 15.58833239, 15.60698337, 15.46500299, 15.48314944,
       15.49083238, 15.5045219 , 15.51711648, 15.47943554, 15.39191553,
       15.44399066, 15.4433806 , 15.41424292, 15.43072336, 15.47182591,
       15.44549289, 15.42244249, 15.46726115, 15.43125849, 15.47548774,
       15.46074937, 15.41906379, 15.49448984, 15.37857589, 15.38801103,
       15.40714294, 15.39858027, 15.5298831 , 15.55727884, 15.54114178,
       15.60457151, 15.55328802, 15.56330367, 15.5705865 ]), array([15.23255671, 15.22300871, 15.25654217, 15.24308521,         nan,
       15.26323015, 15.25617662, 15.26229219, 15.15496954, 15.15258837,
       15.14154988, 15.18159024, 15.18070003, 15.17827235, 15.17948933,
       15.15191759, 15.17814039, 15.13097656, 15.10291066, 15.17907258,
       15.14421643, 15.21288751, 15.15164981, 15.1267784 , 15.14067862,
       15.11730063, 15.16582344, 15.11123917, 15.14972088, 15.14639588,
       15.11332818, 15.22481276, 15.2056548 , 15.195013  , 15.17246346,
       15.21765137, 15.22821346, 15.17465262, 15.25099109, 15.16694493,
       15.22534151, 15.21341488, 15.22144069, 15.23434556, 15.20401835,
       15.26619702, 15.21548981, 15.22148626, 15.21393911, 15.24121031,
       15.25046967, 15.2188351 , 15.23832298, 15.24214512, 15.23675303,
       15.25049226, 15.18916407, 15.19556871, 15.26804438, 15.16332236,
       15.20103074, 15.22599461, 15.18513978, 15.19842532, 15.20457753,
       15.21788061, 15.20575781, 15.18604743, 15.23606742, 15.1334442 ,
       15.171622  , 15.21039201, 15.1634569 , 15.16216283, 15.21644527,
       15.15412813, 15.17862481, 15.16508225, 15.16323599, 15.13180681,
       15.17957874, 15.12441327, 15.16298346, 15.13480607, 15.18608907,
       15.1633033 , 15.19590965, 15.18335986, 15.19047212, 15.20753853,
       15.18266682, 15.16777678, 15.22718346, 15.2154224 , 15.19873284,
       15.16825006, 15.17718934, 15.24024229, 15.1964931 , 15.1544577 ,
       15.18077316, 15.19041862, 15.21078407, 15.1949335 , 15.17929965,
       15.19891225, 15.1766958 , 15.19362137, 15.25164409, 15.20592717,
       15.20203377, 15.20488857, 15.22636417, 15.18548177, 15.13806328,
       15.17348133, 15.21468614, 15.13165983, 15.2016187 , 15.16465739,
       15.15157645, 15.18080736, 15.18602868, 15.14989439, 15.14807914,
       15.15696686, 15.12393976, 15.1215533 , 15.17394612, 15.13048987,
       15.16441037, 15.13885833, 15.09990701, 15.12018584, 15.11991015,
       15.07846042, 15.14650731, 15.13421615, 15.07528477, 15.14068119,
       15.1205312 , 15.14680324, 15.12183697, 15.1358335 , 15.1177675 ,
       15.14995428, 15.09491674, 15.12619085, 15.08762629, 15.16252156,
       15.1275359 , 15.14919084, 15.1140791 , 15.11451741, 15.16812941,
       15.16053634, 15.18980673, 15.21543869, 15.16130809, 15.14400962,
       15.1485649 , 15.15359732, 15.17318633, 15.21572637, 15.25099016,
       15.18238689, 15.18593032, 15.15186119, 15.23189651, 15.2257252 ,
       15.20181064, 15.23831762, 15.19762179, 15.2101111 , 15.23544971,
       15.20378694, 15.19323782, 15.21463399, 15.24137567, 15.20294146,
       15.28228685, 15.2335947 , 15.19153673, 15.23794184, 15.27062113,
       15.26534951, 15.28305126, 15.17377295, 15.15882083, 15.16299143,
       15.16170032, 15.17461947, 15.22888942, 15.1879636 ]), array([15.77072774, 15.74577044, 15.77378508, 15.77894033, 15.78296772,
       15.74344217, 15.76853878, 15.84009449, 15.81915648, 15.82579142,
       15.86453906, 15.85089572, 15.83357242, 15.83149558, 15.78352487,
       15.81626167, 15.83404873, 15.78516782, 15.80430625, 15.80852336,
       15.83314275, 15.84692579, 15.84208528, 15.80465349, 15.84534429,
       15.86757336, 15.81460218, 15.8339261 , 15.85002005, 15.87205292,
       15.82213268, 15.82861471, 15.80236395, 15.79171979, 15.75363244,
       15.82635925, 15.7849783 , 15.82186448, 15.78990955, 15.77064967,
       15.80651118, 15.78462437, 15.7967782 , 15.7411644 , 15.74732746,
       15.75444442, 15.76945583, 15.75723725, 15.74866655, 15.74920388,
       15.77163822, 15.76013471, 15.77488833, 15.8014116 , 15.78309261,
       15.8227171 , 15.79860379, 15.81300383, 15.82764644, 15.76947691,
       15.79990424, 15.81858853, 15.81964416, 15.80012442, 15.84476445,
       15.80142168, 15.83011207, 15.76109107, 15.84319141, 15.81914462,
       15.83430829, 15.8251639 , 15.81825325, 15.81777593, 15.85672199,
       15.84143065, 15.80946984, 15.80414383, 15.84329161, 15.8076623 ,
       15.7933148 , 15.7993213 , 15.81390982, 15.83582536, 15.86000342,
       15.81597066, 15.83227449, 15.87372296, 15.87026952, 15.8414398 ,
       15.82182332, 15.82121804, 15.80766721, 15.82901456, 15.82800719,
       15.80291665, 15.81704964, 15.83818011, 15.80669935, 15.80057037,
       15.8383998 , 15.7981169 , 15.81384731, 15.8002446 , 15.81764403,
       15.84158156, 15.80144747, 15.79462709, 15.82573691, 15.78686441,
       15.8057301 , 15.8211458 , 15.82511495, 15.78488421, 15.81160931,
       15.8723867 , 15.85880734, 15.83954876, 15.92698057, 15.90203389,
       15.81505274, 15.80906214, 15.84237836, 15.8000765 , 15.81947621,
       15.86132211, 15.83525232, 15.85546958, 15.83571961, 15.90589706,
       15.89764088, 15.89187702, 15.84815462, 15.88890871, 15.89957983,
       15.90778211, 15.8334879 , 15.84617796, 15.87927365, 15.8445369 ,
       15.83642475, 15.78163193, 15.740126  , 15.76776096, 15.79713375,
       15.85089642, 15.82361755, 15.77494344, 15.8122272 , 15.81766549,
       15.83568801, 15.82634074, 15.80418584, 15.81845177, 15.81751604,
       15.82517962, 15.83509019, 15.84302563, 15.7948604 , 15.79446903,
       15.85625697, 15.81451928, 15.80392361, 15.79092153, 15.81306921,
       15.75062338, 15.8390438 , 15.78604326, 15.80957328, 15.74547069,
       15.74953223, 15.77044131, 15.72095356, 15.74328599, 15.76592704,
       15.74982431, 15.75376623, 15.81972452, 15.74203449, 15.79942205,
       15.83435236, 15.79350224, 15.75999883, 15.75676112, 15.77584417,
       15.8227728 , 15.79742961, 15.78062127, 15.83660217, 15.77997624,
       15.83596704, 15.79712143, 15.83569262, 15.84351885]), array([18.28465728, 18.40050189,         nan, 18.48810064, 18.38147738,
       18.51301308, 18.43481413, 18.42598936, 18.30778888, 18.43045495,
               nan, 18.47550106,         nan,         nan, 18.40142497,
       18.43752239,         nan, 18.53171058, 18.36785866,         nan,
       18.44222688,         nan,         nan, 18.43117661, 18.42109538,
               nan, 18.42372673,         nan, 18.54385183, 18.42136582,
       18.41777351,         nan, 18.33388992, 18.39362617, 18.52373587,
       18.42776201,         nan, 18.37771226, 18.29455693, 18.40147069,
       18.39487939, 18.50641866,         nan, 18.44384961, 18.48839425,
               nan, 18.44575933, 18.5229004 , 18.38021296, 18.4078658 ,
               nan, 18.58070432,         nan, 18.27658886, 18.41672636,
               nan,         nan,         nan,         nan,         nan,
               nan, 18.32924171,         nan,         nan,         nan,
       18.32474066, 18.36621974,         nan,         nan, 18.40974884,
       18.29975335, 18.4245552 , 18.54939788,         nan, 18.40024787,
       18.43776022,         nan,         nan, 18.53338441, 18.33490536,
       18.43708652, 18.4303625 , 18.42122048, 18.57304055, 18.50838734,
       18.38099211,         nan,         nan, 18.44652615, 18.40811739,
       18.42840977, 18.55705415, 18.38872738, 18.36313851, 18.47412787,
       18.40406972, 18.39316924,         nan,         nan,         nan,
       18.44133247,         nan, 18.32789836,         nan, 18.36431409,
       18.39338384, 18.39154549, 18.37064029,         nan, 18.41668469,
       18.50408641, 18.49082906,         nan, 18.43456109, 18.47672635,
               nan, 18.45747496, 18.35245875,         nan, 18.31325182,
               nan,         nan, 18.33784715,         nan, 18.40401634,
               nan, 18.42597872, 18.33692768, 18.27615756, 18.53414396,
       18.46473157,         nan, 18.43234051, 18.50154519,         nan,
       18.34962788, 18.35242358, 18.25508689, 18.5091094 ,         nan,
       18.40574739, 18.6137222 , 18.48819291, 18.30842496, 18.40183977,
       18.44269341, 18.49152722, 18.35998232, 18.44569855, 18.24214468,
       18.36350613, 18.45203785, 18.35752376, 18.3575776 , 18.47463995,
       18.29901007, 18.49715387, 18.33274846, 18.36606108, 18.33715727,
       18.33458597, 18.44206254,         nan,         nan, 18.31788644,
       18.37961082,         nan, 18.39522143,         nan, 18.45322841,
       18.27423163, 18.39624987, 18.53374826, 18.40083251, 18.49897611,
       18.34420178, 18.33383097,         nan, 18.38784054,         nan,
               nan, 18.30844946, 18.4202306 , 18.37115781,         nan,
       18.3753508 , 18.44619312, 18.38332778,         nan, 18.47378396,
       18.37064998, 18.44332181,         nan, 18.4587977 ]), array([15.37684474, 15.35914216,         nan, 15.36779051,         nan,
       15.35768119, 15.35311113, 15.33876506, 15.21365564, 15.27499701,
       15.26440313, 15.26353405, 15.28312144, 15.28044116, 15.25672618,
       15.25344008, 15.24527486, 15.19413819, 15.22663234, 15.26782017,
       15.24560156, 15.26871295, 15.29167934, 15.20662578, 15.20823145,
       15.21390586, 15.22658945, 15.22632566, 15.20670064, 15.21452004,
       15.16451401, 15.32749092, 15.27946473, 15.27272342, 15.31158581,
       15.29461995, 15.32114535, 15.30940013, 15.32276199, 15.3082883 ,
       15.32922002, 15.31524556, 15.35153081, 15.37548619, 15.33645181,
       15.40512657, 15.34112932, 15.33529628, 15.3727759 , 15.35849481,
       15.37275197, 15.32631324, 15.37575584, 15.39434573, 15.32205757,
       15.35331173, 15.32399811, 15.34129015, 15.3485427 , 15.29351299,
       15.29079291, 15.30986023, 15.30088412, 15.28553511, 15.32026871,
       15.3293603 , 15.29153774, 15.28564451, 15.30173808, 15.23674669,
       15.24664154, 15.29123204, 15.23008457, 15.2364394 , 15.25271521,
       15.22312575, 15.28773772, 15.29373713, 15.2253279 , 15.26481561,
       15.24280463, 15.19088173, 15.23528344, 15.24008206, 15.25607759,
       15.26993023, 15.26143799, 15.27688494, 15.24049804, 15.27784864,
       15.27705307, 15.25352415, 15.28719902, 15.32830588, 15.25454726,
       15.25979438, 15.30066337, 15.30203149, 15.28328695, 15.29038188,
       15.23733447, 15.29040958, 15.31231109, 15.3014441 , 15.27014068,
       15.29237068, 15.2746553 , 15.27705905, 15.3318013 , 15.33023575,
       15.28807817, 15.30556362, 15.27567941, 15.26956547, 15.22550033,
       15.2490988 , 15.28550668, 15.21000401, 15.18704912, 15.23218645,
       15.1746431 , 15.3003718 , 15.24795796, 15.24507894, 15.25756315,
       15.23481269, 15.16307995, 15.16961982, 15.25379564, 15.16834047,
       15.2060547 , 15.2209202 , 15.18260763, 15.15033372, 15.16881585,
       15.16899029, 15.17752272, 15.15138405, 15.11390465, 15.19769165,
       15.21042307, 15.23686066, 15.25167547, 15.23656048, 15.21575495,
       15.19441638, 15.18678338, 15.20326666, 15.1982776 , 15.24018416,
       15.19294317, 15.18658965, 15.1864585 , 15.22886197, 15.2521623 ,
       15.19961409, 15.26918982, 15.30756273, 15.24241904, 15.24551437,
       15.24517748, 15.25510223, 15.23700755, 15.32020751, 15.32612203,
       15.29677726, 15.31908521, 15.29648197, 15.33016629, 15.34943335,
       15.34565084, 15.34884367, 15.30844313, 15.32447145, 15.3251294 ,
       15.32161405, 15.3653576 , 15.31474576, 15.36692025, 15.34173768,
       15.35295388, 15.3521886 , 15.30914352, 15.36803082, 15.4046313 ,
       15.3483602 , 15.39398234, 15.27966246, 15.2687931 , 15.28712648,
       15.24089791, 15.26901688, 15.33536848, 15.26172605]), array([15.37287372, 15.37962212, 15.40871661, 15.36425929, 15.43318182,
       15.37046568, 15.36887102, 15.37266079, 15.310739  , 15.38604859,
       15.35825699, 15.3558697 , 15.31702161, 15.30519668, 15.39129617,
       15.33694261, 15.31661721, 15.26404304, 15.3106067 , 15.36720756,
       15.332401  , 15.37445313, 15.30243868, 15.26559022, 15.29034423,
       15.30862242, 15.3133431 , 15.31232806, 15.28021604, 15.32715264,
       15.24437945, 15.37016079, 15.34279701, 15.37409247, 15.36008761,
       15.32340839, 15.39170716, 15.32524796, 15.38457547, 15.3486826 ,
       15.40572688, 15.34309263, 15.41525479, 15.41869357, 15.33742969,
       15.45123164, 15.36650432, 15.37699171, 15.37347283, 15.41023691,
       15.36776186, 15.33071909, 15.3906178 , 15.39520625, 15.33463892,
       15.37792888, 15.35614744, 15.39855121, 15.37767925, 15.38992911,
       15.35803328, 15.38487653, 15.40627252, 15.35297803, 15.38088207,
       15.38764818, 15.34165808, 15.34347606, 15.4092239 , 15.33287579,
       15.28863386, 15.38638701, 15.33704881, 15.34907323, 15.34274295,
       15.30735776, 15.35257939, 15.4002994 , 15.30541365, 15.35750917,
       15.33428453, 15.34598209, 15.31735782, 15.31345906, 15.33495432,
       15.36952599, 15.33671476, 15.3145081 , 15.29742123, 15.34396618,
       15.36684889, 15.32226352, 15.37084033, 15.37829448, 15.33307145,
       15.32866283, 15.34022329, 15.37013681, 15.345891  , 15.35383747,
       15.30673504, 15.31973749, 15.42862318, 15.33590874, 15.36955469,
       15.3456908 , 15.34888096, 15.37507805, 15.39771845, 15.38033622,
       15.36162783,         nan, 15.37624379, 15.34906312, 15.3174957 ,
       15.37174818, 15.29688639, 15.31892921, 15.29109129, 15.32188472,
       15.29741485, 15.42456392, 15.39084101, 15.35227272, 15.34766854,
       15.31888073, 15.29571792, 15.29688774, 15.3374613 , 15.2592804 ,
       15.2935791 , 15.30929427, 15.28775053, 15.27459447, 15.26332363,
       15.30890055, 15.31070694, 15.29248117, 15.28905024, 15.28706583,
       15.28539987, 15.27552971, 15.25274914, 15.29781718, 15.27068431,
       15.25490087, 15.22970507, 15.28904482, 15.25039933, 15.31713711,
       15.29801459, 15.22032495, 15.29118112, 15.30429005, 15.2775871 ,
       15.2917102 , 15.32991084, 15.35878245, 15.31603591, 15.30001178,
       15.29795419, 15.32196994, 15.33304241, 15.36932666, 15.35704464,
       15.33062219, 15.34917049, 15.32210997, 15.37610125, 15.38370953,
       15.34316543, 15.40398259, 15.34555248, 15.34575632, 15.38221648,
       15.33088667, 15.39899479, 15.36086146, 15.38984832, 15.37700608,
       15.38273932, 15.33812986, 15.3484329 , 15.39453654, 15.41064505,
       15.40133009, 15.36740804, 15.35660845, 15.30878973, 15.34821217,
       15.33132206, 15.33242456, 15.41323266, 15.32002513]), array([15.73375307, 15.73201263, 15.70288542, 15.72164679, 15.74367435,
       15.67575333, 15.68956516, 15.70361039, 15.64720884, 15.64321001,
       15.63717298, 15.5566209 , 15.62255026, 15.62226415, 15.65668869,
       15.63695705, 15.57162732, 15.58745019, 15.55362522, 15.64116924,
       15.63339793, 15.64535718, 15.62104119, 15.56008376, 15.6069361 ,
       15.60171849, 15.60101084, 15.59301425, 15.56615766, 15.61625536,
       15.54476645, 15.64537613, 15.65080357, 15.64236847, 15.67442203,
       15.68677802, 15.68166075, 15.68244676, 15.69234154, 15.64639494,
       15.68616763, 15.64542564, 15.70807877, 15.75365157, 15.67493907,
       15.71705405, 15.66559367, 15.70694582, 15.74737668, 15.69319685,
       15.72075243, 15.68829477, 15.73973367, 15.70382595, 15.66751789,
       15.67107607, 15.63350635, 15.6601606 , 15.68618631, 15.66426196,
       15.62536224, 15.65097753, 15.66180197, 15.66052295, 15.6613381 ,
       15.65965122, 15.62079224, 15.61320665, 15.64874828, 15.57680884,
       15.5827843 , 15.63164924, 15.63548201, 15.62393459, 15.62946009,
       15.55033118, 15.66123124, 15.65361112, 15.57024608, 15.60978371,
       15.60505435, 15.59419552, 15.56609309, 15.58628947, 15.6163364 ,
       15.64181858, 15.58975175, 15.58670233, 15.58015795, 15.63911947,
       15.63441876, 15.62013193, 15.64535868, 15.6878087 , 15.60840591,
       15.62415649, 15.61187156, 15.66272929, 15.64776936, 15.67541183,
       15.6090291 , 15.62057988, 15.69298295, 15.63793256, 15.65448225,
       15.63250651, 15.63905451, 15.67841443, 15.67438564, 15.68245217,
       15.64561998, 15.63810763, 15.67186963, 15.64479444, 15.59254219,
       15.61393284, 15.60044216, 15.56267447, 15.4926832 , 15.56358126,
       15.58533075, 15.64937739, 15.63225727, 15.55200692, 15.59797092,
       15.58471703, 15.55833881, 15.55038929, 15.5639321 , 15.56114256,
       15.55490008, 15.57016651, 15.57990025, 15.54247949, 15.54582673,
       15.54635495, 15.52966215, 15.51704502, 15.52262493, 15.59682822,
       15.55585661, 15.59798669, 15.56701143, 15.57549184, 15.5819579 ,
       15.50576323, 15.5688223 , 15.601081  , 15.53493071, 15.61558912,
       15.54722296, 15.54439991, 15.5479798 , 15.57952764, 15.62381196,
       15.62840065, 15.65112281, 15.6684156 , 15.60070695, 15.62955351,
       15.61856727, 15.60989034, 15.61255463, 15.66866607, 15.68401987,
       15.63838805, 15.66951538, 15.67589563, 15.64494094, 15.70271292,
       15.67625243, 15.67126676, 15.67051092, 15.68710502, 15.66507199,
       15.66716119, 15.70260946, 15.68106297, 15.68872783, 15.69717757,
       15.69533707, 15.70594178, 15.64803664, 15.74357775, 15.74649785,
       15.7040038 , 15.74033775, 15.61264353, 15.61535905, 15.61265121,
       15.59981302, 15.63228962, 15.67413226, 15.61577794]), array([16.37970878, 16.35132649, 16.40960328, 16.33590173, 16.4219532 ,
       16.34903813, 16.35117223, 16.33276314, 16.23854292, 16.24498699,
       16.24988302, 16.21691765, 16.23797666, 16.30662477,         nan,
       16.25007163, 16.25463126, 16.18932088, 16.23640548, 16.25192102,
       16.21672624, 16.26487431, 16.26001291, 16.22018693, 16.26194016,
       16.23503091, 16.23095502, 16.22503901, 16.19055812, 16.18640484,
       16.22426982, 16.29995102, 16.27962759, 16.29151353, 16.29743748,
       16.33248098, 16.31782669, 16.32109701, 16.28606422, 16.29541525,
       16.29232671, 16.26600109, 16.33193566, 16.3697805 , 16.27176793,
       16.38794239, 16.33827483, 16.30847178, 16.37145835, 16.33526576,
       16.37288899, 16.35612543, 16.38085107, 16.35166671, 16.30173705,
       16.28304456, 16.33768988, 16.25755481, 16.28312896, 16.27932106,
       16.272859  , 16.27132444, 16.30676063, 16.32098035, 16.23669242,
       16.33128606, 16.23123986, 16.31135665, 16.29048455, 16.24319409,
       16.23210135, 16.28028711, 16.22553137, 16.28048768, 16.27212388,
       16.21728774, 16.28799803, 16.29281709, 16.25780648, 16.234279  ,
       16.2687165 , 16.22840573, 16.21747714, 16.25199682, 16.23586181,
       16.24584921, 16.22998263, 16.19897918, 16.22191796, 16.23570949,
       16.26299768, 16.22192846, 16.30880838, 16.27120086, 16.28907701,
       16.25722456, 16.26858874, 16.25456334, 16.28081664, 16.26606016,
       16.21428494, 16.26207509, 16.24928685, 16.277582  , 16.25685301,
       16.24058549, 16.26852352, 16.2646801 , 16.29607923, 16.26939599,
       16.26154824, 16.26644157, 16.28205754, 16.24862296, 16.21158114,
       16.20769469, 16.20734824, 16.12830504, 16.23263051, 16.17494617,
       16.19247401, 16.26529219, 16.23283141, 16.20091997, 16.21553808,
       16.20163099, 16.24940927, 16.23348078, 16.20287998, 16.18485443,
       16.22294519, 16.25321769, 16.20207346, 16.16769039, 16.20813767,
       16.23072466, 16.16216355, 16.17170045, 16.22753241, 16.25247992,
       16.25850049, 16.22388836, 16.25188133, 16.29578522, 16.23063625,
       16.23235035, 16.22106726, 16.24713073, 16.23990294, 16.2599359 ,
       16.21137525, 16.25332845, 16.23086098, 16.26076848, 16.25914401,
       16.21460792, 16.2579454 , 16.2452812 , 16.25768199, 16.28713344,
       16.25237296, 16.2298366 , 16.2479091 , 16.33644707, 16.28251851,
       16.3233895 , 16.28265832, 16.29101577, 16.34716963, 16.33800847,
       16.29110923, 16.27962208, 16.32121186, 16.3315345 , 16.28413009,
       16.32767218, 16.30916226, 16.31366473, 16.33972787, 16.30364191,
       16.34539155, 16.32315702, 16.32085017, 16.3191571 , 16.32058821,
       16.33692216, 16.31569075, 16.24765587, 16.25216282, 16.24919639,
       16.2050123 , 16.2526132 , 16.28218645, 16.2436868 ]), array([18.22697346,         nan,         nan, 18.43734987,         nan,
       18.34976272, 18.49216182,         nan, 18.34942166,         nan,
               nan, 18.21610902, 18.19161431, 18.16435349,         nan,
       18.41966887, 18.23833322, 18.16028418, 18.20145443, 18.24143718,
       18.23198168,         nan,         nan, 18.37558108, 18.26311702,
       18.1779918 , 18.2816749 , 18.29358338, 18.24289933, 18.27059648,
       18.39400877,         nan, 18.36816339, 18.36031239,         nan,
               nan,         nan, 18.30891018, 18.39118339, 18.3993237 ,
               nan, 18.241802  ,         nan, 18.35082206, 18.54363778,
       18.53832487,         nan, 18.51012527, 18.37605686,         nan,
       18.43024288, 18.33068584, 18.37797858, 18.30227757, 18.28447085,
               nan, 18.31224384,         nan,         nan, 18.32790362,
       18.32502954,         nan,         nan, 18.3309121 ,         nan,
               nan, 18.25228675, 18.38359127,         nan,         nan,
       18.30372177, 18.18775126, 18.26014486, 18.19680726,         nan,
       18.3143346 , 18.30239957, 18.25081345, 18.22307924, 18.26525253,
       18.25500616, 18.34666651, 18.34521662, 18.13712724,         nan,
       18.26725344, 18.32272585, 18.27182583,         nan, 18.24346642,
       18.18366428, 18.27201355, 18.26221458,         nan, 18.27826429,
       18.27364385, 18.29094221, 18.3145951 , 18.32892355, 18.31641886,
               nan, 18.33756639, 18.2418091 , 18.3724111 , 18.24688371,
       18.18167461,         nan, 18.25185953,         nan, 18.24271272,
       18.22373417, 18.19999003,         nan,         nan, 18.24661913,
       18.1134292 ,         nan,         nan, 18.18182654, 18.17821501,
               nan,         nan,         nan, 18.20788716, 18.23877945,
               nan,         nan,         nan, 18.39349278, 18.13510351,
       18.03924119,         nan, 18.33506514, 18.04844119, 18.27487142,
       18.22707663,         nan, 18.34408738, 18.25083231, 18.22479391,
       18.28155062,         nan, 18.26837156, 18.24246088, 18.34007848,
       18.16270131, 18.23088191, 18.25968704, 18.25854933, 18.40861238,
       18.21091523, 18.16426566, 18.26349709, 18.23152626, 18.16879021,
       18.40590936, 18.16736482, 18.25430165, 18.34086965, 18.34736735,
       18.21955265, 18.2277289 , 18.25671836,         nan,         nan,
       18.37898289, 18.41771125,         nan,         nan, 18.30513044,
       18.41046673, 18.3643569 , 18.37127908, 18.44742045, 18.25110697,
       18.30151052, 18.31438949, 18.36403976, 18.26603712, 18.30165436,
               nan, 18.42630492,         nan, 18.36552691, 18.32100705,
               nan,         nan, 18.24373299, 18.37088544, 18.29455495,
       18.29570683, 18.24575186, 18.2785397 , 18.27295422]), array([15.84346797, 15.82972501,         nan, 15.74245828, 15.69885124,
       15.72469857, 15.72962333, 15.73992595, 15.8059065 , 15.86274975,
       15.79139791, 15.75136463, 15.8523986 , 15.8000912 , 15.78842557,
       15.78163437, 15.76198657, 15.76264388, 15.82124774, 15.8247983 ,
       15.84270281, 15.76997909, 15.79904788, 15.78879915, 15.80339811,
       15.79848135, 15.80358691, 15.78869887, 15.76988869, 15.76735389,
       15.77408687, 15.76393435, 15.79941181, 15.74410642, 15.78731355,
       15.75097283, 15.80940837, 15.77540471,         nan, 15.73973085,
       15.76528063, 15.76307242, 15.78625309, 15.73323187, 15.72723209,
       15.77273015, 15.78893058, 15.737216  , 15.76318144, 15.82322878,
       15.77934403, 15.69413673, 15.75256034, 15.75761892, 15.73094558,
       15.74721813, 15.75660704, 15.79815494, 15.90458661, 15.80210284,
       15.82057878, 15.76370768, 15.81524882, 15.81623104, 15.77671481,
       15.83843268, 15.79118701, 15.83461699, 15.78905261, 15.79247359,
       15.8138512 , 15.74562094, 15.76177882, 15.85939952, 15.78191824,
       15.76827086, 15.79364602, 15.77163404, 15.75461901, 15.84111076,
       15.74494221, 15.8038752 , 15.79548724, 15.76614582, 15.73619786,
       15.80918943, 15.74916621, 15.7877964 , 15.76358218, 15.7397919 ,
       15.80123531, 15.78292684, 15.77647474, 15.78897679, 15.73701109,
       15.77928502, 15.76569621, 15.76007441, 15.76648566, 15.83418015,
       15.77018525, 15.81167838, 15.79159885, 15.78469209, 15.81133638,
       15.7889166 , 15.79449416, 15.77038191, 15.78748504, 15.77405477,
       15.77992421, 15.78758856, 15.79864477, 15.77744944, 15.80194459,
       15.81032728, 15.75217007, 15.84093975, 15.77328087, 15.776016  ,
       15.76567815, 15.78908403, 15.80011447, 15.799983  , 15.80675408,
       15.78631608, 15.74776529, 15.82855413, 15.77560833, 15.68699929,
       15.77500639, 15.79826601, 15.76233131, 15.75977418, 15.74135141,
       15.79475528, 15.76912358, 15.8143247 , 15.80509852, 15.81605875,
       15.7464407 , 15.75986142, 15.77440368, 15.81664214, 15.76477891,
       15.832044  , 15.80177363, 15.84621259, 15.81700295, 15.8136712 ,
       15.84521042, 15.81850328, 15.83618358, 15.81183912, 15.80894859,
       15.7472173 , 15.76738946, 15.76240205, 15.78701446, 15.77918496,
       15.77531194, 15.78794366, 15.78081884, 15.78817865, 15.80975197,
       15.76784618, 15.75030675, 15.77053768, 15.77734715, 15.77004781,
       15.82335889, 15.79447332, 15.74121049, 15.745143  , 15.77567931,
       15.76006152, 15.78449695, 15.73167178, 15.77453813, 15.76968334,
       15.75461042, 15.77388626, 15.75213648, 15.7788413 , 15.78388989,
       15.73648358, 15.71776566, 15.78686997, 15.78286462, 15.78786731,
       15.77136202, 15.81151215, 15.76775341, 15.77448046]), array([16.9250714 , 16.85848509, 16.8961445 , 16.83170305, 16.87486134,
       16.82291072, 16.8493139 , 16.83765993, 16.85526085, 16.8725314 ,
       16.86143627, 16.85562581, 16.8377812 , 16.90107374, 16.86064283,
       16.86554099, 16.90931566, 16.9081959 , 16.916863  , 16.91144007,
       16.81949134, 16.85861826, 16.91867778, 16.93288408, 16.85102952,
       16.97086603, 16.89223845,         nan, 16.91963001, 16.87512355,
       16.95937367,         nan, 16.85692344, 16.88941499, 16.83390172,
       16.87064928, 16.91267554, 16.88446789, 16.81508427, 16.91757339,
       16.8805613 , 16.87858212, 16.85982269,         nan, 16.82440883,
       16.74087882,         nan, 16.84791377, 16.8387202 , 16.84876641,
       16.85406301, 16.80579327, 16.90911722, 16.93102641, 16.89108176,
       16.81967242, 16.8270299 , 16.88118342, 16.77471022, 16.85771238,
               nan, 16.84859672, 16.85787375, 16.84471339, 16.91764313,
       16.81587425,         nan, 16.86494924, 16.86101023,         nan,
       16.94271362, 16.81301273, 16.82138426, 16.87052679, 16.84802317,
       16.86726689, 16.87799654, 16.86858337, 16.83745841, 16.83971574,
       16.85106608, 16.81052089, 16.83149111, 16.82208814, 16.80080533,
       16.81128418, 16.8379481 , 16.84055133, 16.84199534, 16.81231911,
       16.88743995, 16.82944757, 16.83150295, 16.8593291 , 16.86515238,
       16.8855011 , 16.79540825, 16.83413948, 16.8780378 , 16.87868902,
       16.90339022, 16.87930624, 16.83681579, 16.87232458, 16.87549921,
       16.86324645, 16.84056418, 16.85280737, 16.8459437 , 16.83767822,
       16.82904754, 16.84292634, 16.86975501, 16.86247301, 16.91697393,
       16.86872773, 16.90997128, 16.85478153, 16.89787172,         nan,
       16.97324525, 16.89057697, 16.85159816, 16.87229201, 16.8277595 ,
       16.91096525, 16.83610318, 16.92963987, 16.84484481, 16.80035462,
       16.9133272 , 16.8630025 , 16.85020359, 16.91327657, 16.96694011,
       16.82132174, 16.82420944, 16.87814383, 16.84722289, 16.91133247,
       16.90064071,         nan, 16.91588631, 16.97450198, 17.03949678,
       16.9011559 , 16.97309465,         nan, 16.92599732, 16.84913826,
       16.92202133, 16.96760482, 16.8996576 , 16.93798217, 16.90976947,
       16.93222981, 16.83721302, 16.90386386,         nan,         nan,
       16.93466484, 16.92375624, 16.90295407, 16.88669469, 16.88629071,
       16.91985596, 16.85820112, 16.92067588, 16.92130709, 16.86679696,
       16.85597844, 16.86229722, 16.8499994 , 16.85343735, 16.88762046,
       16.87568839, 16.86120019, 16.84814027, 16.88626094, 16.92114551,
       16.86596581, 16.83246767, 16.89031882, 16.82427738, 16.85568275,
       16.84256519, 16.86048659, 16.89361686, 16.86376465, 16.83745081,
       16.87594598, 16.81536927, 16.78789472, 16.82790132]), array([16.28054731, 16.33783279, 16.25842358, 16.1656499 ,         nan,
       16.24708835, 16.19305968,         nan, 16.4120641 , 16.33009125,
       16.41110657, 16.36952728, 16.40485523, 16.45233139, 16.35213372,
       16.30383178, 16.47732592, 16.51062862, 16.47472775, 16.37578758,
       16.42381422, 16.33097675, 16.47221804, 16.4738544 , 16.43144985,
       16.50975631, 16.41365582, 16.44204746, 16.45941422, 16.4223204 ,
       16.49254341,         nan, 16.34012346, 16.32498963, 16.35728699,
               nan, 16.30118776, 16.32819338, 16.25092555, 16.32467308,
       16.2938576 , 16.33582385, 16.31659656, 16.1548681 , 16.29426833,
       16.12747692, 16.32830712, 16.20297311, 16.28400175, 16.32411616,
       16.21665942, 16.36787849, 16.22628933, 16.26317285, 16.33688216,
               nan, 16.3383139 , 16.30892499, 16.22524939, 16.39640916,
       16.29259477, 16.35284431,         nan, 16.36166469, 16.25528194,
       16.28603959, 16.33482233, 16.3334466 , 16.29112303, 16.38904584,
       16.43540494, 16.38806639, 16.3689917 , 16.42491702,         nan,
       16.4142014 , 16.34936766, 16.38605019, 16.37655109, 16.39823571,
       16.42121074, 16.43329888, 16.37014841, 16.3828586 , 16.29386882,
       16.34172377, 16.40880681, 16.37933839, 16.35554713, 16.34962922,
       16.30375296, 16.29960444, 16.31433299, 16.27126548, 16.3464438 ,
       16.38260685, 16.38136454, 16.29536651, 16.31652638, 16.30829581,
       16.36316912, 16.33700659, 16.26230479, 16.33703693, 16.31455163,
       16.38722317, 16.40599496, 16.34956609, 16.26314892, 16.26943316,
       16.30479853,         nan, 16.33997786, 16.39841547, 16.41860158,
       16.48834954,         nan, 16.51441576, 16.49285633, 16.45743148,
       16.51008082,         nan,         nan, 16.50812674, 16.36967844,
       16.45649181, 16.57543956, 16.47182157, 16.40874191, 16.52798907,
       16.45657745, 16.45634137, 16.49875144, 16.53138191, 16.49999926,
       16.49983107, 16.62690806, 16.52028795, 16.4584658 , 16.49772004,
       16.47371733, 16.4097741 , 16.55593366, 16.45718548, 16.38921053,
       16.52303433, 16.50896875, 16.47781725, 16.54828418, 16.41482031,
       16.52694156, 16.56442251, 16.59173869, 16.48399602, 16.41702956,
       16.40509384, 16.37441702, 16.29667792, 16.46334273, 16.42830801,
       16.46766275, 16.40141303, 16.45080393, 16.37493828, 16.30956752,
       16.33027774, 16.33263034, 16.43298046, 16.32384498, 16.23178238,
       16.35630876, 16.207934  , 16.30468393, 16.32440099, 16.24443773,
       16.41459962, 16.32857196, 16.36791544, 16.26228489, 16.31347643,
       16.24424528, 16.24533384, 16.38856133, 16.26536198, 16.21553312,
       16.26567725, 16.25122059, 16.41865218, 16.41088904, 16.39107375,
       16.47431436, 16.37716208, 16.29111109, 16.40481919]), array([15.45901448, 15.44102776, 15.4498608 , 15.36055284, 15.3594194 ,
       15.40893459, 15.34041249, 15.36951998, 15.39466421, 15.32334415,
       15.4137073 , 15.30536723, 15.39541329, 15.39332325, 15.32933667,
       15.33808564, 15.41672228, 15.40867281, 15.40514559, 15.37840907,
       15.33979663, 15.35820189, 15.40634555, 15.40857745, 15.39982093,
       15.37459811, 15.37018904, 15.28274083, 15.36397791, 15.36249533,
       15.38753803, 15.41591015, 15.36989754, 15.39593167, 15.35780785,
       15.38730909, 15.4075192 , 15.35417341, 15.28805701, 15.38102131,
       15.31835794, 15.36462539, 15.3822829 , 15.34996887, 15.37955218,
       15.32118689, 15.37051698, 15.29154067, 15.34910746, 15.34927584,
       15.3812917 , 15.32694943, 15.33776133, 15.41089833, 15.37394335,
       15.35789769, 15.34574155,         nan, 15.3588179 , 15.43981453,
       15.40173593, 15.36186719, 15.36265151, 15.36664158, 15.3688139 ,
       15.37511006, 15.34038137, 15.38344719, 15.35441994, 15.35373894,
       15.36143839, 15.35270778, 15.33645972, 15.42931486, 15.35084625,
       15.34679459, 15.34974303, 15.38209503, 15.36942365, 15.36809457,
       15.39443444, 15.31672188, 15.34956322, 15.34532728, 15.35016055,
       15.3291977 , 15.32592743, 15.36072811, 15.32581994, 15.32480139,
       15.35178257, 15.31769139, 15.38348733, 15.33560552, 15.32510661,
       15.3560622 , 15.32247522, 15.35632171, 15.37919791, 15.38815748,
       15.36612644, 15.36140893, 15.37260391, 15.35930071, 15.36394926,
       15.345206  , 15.39878549, 15.37931632, 15.36955576, 15.36810861,
       15.37238575, 15.33795277, 15.38405011, 15.34896474, 15.41968373,
       15.33276669, 15.36140612, 15.39075249, 15.30889552, 15.39746632,
       15.4330564 , 15.32132381, 15.38003837, 15.40581122, 15.39670447,
       15.33950461, 15.37186504, 15.38057047, 15.33206011, 15.33595337,
       15.3439248 , 15.36240791, 15.34090078, 15.37318877, 15.3367405 ,
       15.31338006, 15.34929179, 15.36553996, 15.32806732, 15.42341349,
       15.40813129, 15.37785984, 15.45181548, 15.43238726, 15.43223612,
       15.43458894, 15.37115783, 15.45403752, 15.4784594 , 15.42299607,
       15.42510258, 15.4418183 , 15.41602923, 15.46294036, 15.41681118,
       15.40346006, 15.37179839, 15.38414531, 15.38710588, 15.40646309,
       15.37230908, 15.3929388 , 15.42257064, 15.38932437, 15.39326487,
       15.37715473, 15.36398182, 15.40490881, 15.39154298, 15.41943898,
       15.43819999, 15.36423733, 15.38680571, 15.34373329, 15.35882529,
       15.41401271, 15.39796461, 15.37427713, 15.35798798, 15.38263638,
       15.37765777, 15.39708909, 15.3913875 , 15.36754705, 15.3495664 ,
       15.39896856, 15.34932098, 15.43943397, 15.43712124, 15.38666596,
       15.39203371, 15.39034753, 15.3402251 , 15.36461453])]


[array([0.00325199, 0.00285646, 0.00274958, 0.00289457, 0.00250086,
       0.00294822, 0.00281309, 0.00283668, 0.00335968, 0.00306719,
       0.00290482, 0.00310213, 0.00330097, 0.00328831, 0.0029999 ,
       0.00311577, 0.00321365, 0.00358218, 0.00372937, 0.00312207,
       0.00339639, 0.00273169, 0.0033711 , 0.00346492, 0.00368001,
       0.00360355, 0.00307303, 0.00353253, 0.00365786, 0.00332095,
       0.00342356, 0.00306702, 0.00330343, 0.00323142, 0.00324522,
       0.00312761, 0.00293238, 0.00309271, 0.00286599, 0.00318886,
       0.00320348, 0.00305489, 0.00281909, 0.0032074 , 0.00319482,
       0.00248094, 0.00306132, 0.00273171, 0.00304306, 0.00311   ,
       0.00285929, 0.00340927, 0.0031307 , 0.00331937, 0.0035487 ,
       0.00326032, 0.00361626, 0.00315923, 0.00303996, 0.00342543,
       0.0033046 , 0.00336277, 0.00322987, 0.00335432, 0.00302412,
       0.00344853, 0.00314465, 0.0033333 , 0.00300221, 0.00349246,
       0.00361409, 0.00284842, 0.00325636, 0.00325837, 0.00331347,
       0.00366853, 0.0030368 , 0.00311472, 0.00339589, 0.00345031,
       0.00307167, 0.0034636 , 0.00333963, 0.00337897, 0.00307604,
       0.00321987, 0.00323221, 0.00316307, 0.00315328, 0.00296231,
       0.00307685, 0.0031378 , 0.00293861, 0.00285337, 0.00299069,
       0.00299406, 0.00311964, 0.00278802, 0.0027428 , 0.00295125,
       0.00282276, 0.00288268, 0.00284903, 0.00290104, 0.00275057,
       0.00294107, 0.00304429, 0.00276394, 0.00269006, 0.00280897,
       0.00276101, 0.00262572, 0.00268848, 0.00286648, 0.00294267,
       0.00442926, 0.00374527, 0.00416202, 0.00415157, 0.00391816,
       0.00411587, 0.00308509, 0.00356096, 0.00410531, 0.00376448,
       0.00386835, 0.00452456, 0.00394238, 0.00369602, 0.00467912,
       0.00389673, 0.00393151, 0.00432571, 0.00442135, 0.00433266,
       0.00444829, 0.00437933, 0.00460754, 0.00424968, 0.00410321,
       0.00385306, 0.00393315, 0.00423578, 0.0038779 , 0.00373423,
       0.00419096, 0.00405013, 0.00386773, 0.00411293, 0.00345356,
       0.00383674, 0.00368855, 0.00389218, 0.00362006, 0.00340154,
       0.00360587, 0.00319329, 0.0029958 , 0.00326392, 0.00346448,
       0.00353502, 0.00317066, 0.0033082 , 0.00346289, 0.00304138,
       0.00346037, 0.00334873, 0.00352795, 0.00322581, 0.00304209,
       0.00320296, 0.00288949, 0.00321208, 0.00317598, 0.00318526,
       0.00338667, 0.00314171, 0.00299608, 0.00312595, 0.00306766,
       0.0026841 , 0.00320891, 0.00336906, 0.00302723, 0.00290731,
       0.00303292, 0.00288501, 0.00311882, 0.00305794, 0.00309089,
       0.00317024, 0.0031361 , 0.00266328, 0.00308348]), array([0.00298159, 0.00262994, 0.00251771, 0.00260283, 0.00223317,
       0.00271094, 0.00249198, 0.00261645, 0.0032239 , 0.0029504 ,
       0.00285709, 0.0029301 , 0.00325726, 0.00314414, 0.00285324,
       0.00302928, 0.00315389, 0.003541  , 0.00371117, 0.00306398,
       0.0033533 , 0.00265634, 0.00330396, 0.00336645, 0.00347217,
       0.00357959, 0.00306864, 0.00354363, 0.00355081, 0.00319071,
       0.00342476, 0.00290627, 0.00323351, 0.00303442, 0.00304149,
       0.00295329, 0.0027399 , 0.00291272, 0.00264632, 0.00295016,
       0.00303552, 0.00285544, 0.0026305 , 0.00293141, 0.00293591,
       0.00221586, 0.00284522, 0.00249425, 0.00278322, 0.00285669,
       0.00259284, 0.00321505, 0.00288137, 0.00296636, 0.00330244,
       0.00311113, 0.00350319, 0.00300095, 0.00282279, 0.00323365,
       0.00308885, 0.00317628, 0.0030335 , 0.00316921, 0.00287152,
       0.00326901, 0.00300936, 0.00324167, 0.0028427 , 0.00343402,
       0.00349646, 0.00275088, 0.0032104 , 0.00314115, 0.00319551,
       0.00360417, 0.00289913, 0.00301674, 0.00324371, 0.00332934,
       0.00297456, 0.00349964, 0.00329425, 0.00335091, 0.00297631,
       0.0031045 , 0.00315405, 0.00312818, 0.00310305, 0.00287079,
       0.00305432, 0.00306731, 0.0027532 , 0.00273308, 0.00292542,
       0.00292632, 0.00300106, 0.00261211, 0.00261578, 0.00274367,
       0.00273657, 0.00274538, 0.00265575, 0.00278663, 0.0026381 ,
       0.00285764, 0.00290256, 0.00264356, 0.00249649, 0.00265078,
       0.00262763, 0.0024877 , 0.00258636, 0.00278187, 0.00291286,
       0.00434068, 0.00363975, 0.00421948, 0.00398882, 0.0037786 ,
       0.00401721, 0.00296558, 0.00346052, 0.00399346, 0.00370155,
       0.0038253 , 0.00449045, 0.00391249, 0.00359067, 0.00461042,
       0.00379129, 0.00383231, 0.00427616, 0.00430909, 0.00429092,
       0.00448478, 0.00440748, 0.00465124, 0.0042204 , 0.00410652,
       0.00378978, 0.00383591, 0.00417326, 0.00376252, 0.00365824,
       0.00426373, 0.00408246, 0.00385739, 0.00408633, 0.0034119 ,
       0.00386346, 0.00371996, 0.00389934, 0.00361645, 0.00330268,
       0.00352015, 0.00310857, 0.00284806, 0.00314503, 0.00340134,
       0.00346627, 0.00312993, 0.0032437 , 0.00322672, 0.00287778,
       0.00332421, 0.00321299, 0.00346582, 0.0030501 , 0.00281732,
       0.00306927, 0.00268443, 0.0029835 , 0.00300361, 0.00300476,
       0.00317233, 0.00292564, 0.00282041, 0.00289152, 0.00292642,
       0.00248279, 0.00296329, 0.00319728, 0.00278315, 0.00262962,
       0.00277472, 0.00263813, 0.0030123 , 0.00299352, 0.0030079 ,
       0.00317288, 0.00297912, 0.00251133, 0.00301276]), array([0.00287117, 0.00252179, 0.00245687, 0.00252345,        nan,
       0.00260967, 0.00243959, 0.00248043, 0.00274977, 0.00255036,
       0.00240489, 0.00251701, 0.00272959, 0.0026954 , 0.00250429,
       0.00261911, 0.00266658, 0.00287875, 0.00297452, 0.00261713,
       0.00279935, 0.00229136, 0.00282333, 0.00285613, 0.00299245,
       0.00290855, 0.00259012, 0.00277482, 0.00302018, 0.00271312,
       0.00281192, 0.00260341, 0.00283587, 0.00273333, 0.00271305,
       0.00265968, 0.00250998, 0.00260562, 0.00243985, 0.00266233,
       0.00273504, 0.00260145, 0.0024221 , 0.0028101 , 0.00276646,
       0.00216092, 0.00264939, 0.00238804, 0.00263589, 0.00269956,
       0.00249736, 0.00298269, 0.00272172, 0.00287868, 0.00304478,
       0.00276591, 0.00302477, 0.0027011 , 0.00262917, 0.00287642,
       0.00277723, 0.00283647, 0.0026637 , 0.00283216, 0.00253562,
       0.00292414, 0.00264587, 0.00281748, 0.00255622, 0.00282201,
       0.002975  , 0.00241541, 0.00270309, 0.00267931, 0.00274909,
       0.00298337, 0.00251802, 0.00257688, 0.00273728, 0.00274109,
       0.00253279, 0.00278821, 0.00270552, 0.00268384, 0.00250505,
       0.00259083, 0.00261764, 0.0025636 , 0.00255905, 0.00245264,
       0.00257918, 0.00255697, 0.00247307, 0.00241586, 0.00252098,
       0.00247197, 0.00253215, 0.00232963, 0.00227453, 0.00237747,
       0.00229969, 0.00236206, 0.00235592, 0.00240937, 0.00226414,
       0.00243967, 0.00251137, 0.00230108, 0.00226147, 0.00235043,
       0.00231028, 0.00220358, 0.0022805 , 0.00237658, 0.00242845,
       0.00363232, 0.00314833, 0.00339258, 0.00334599, 0.00320966,
       0.00334758, 0.00258528, 0.00296687, 0.00329931, 0.00309264,
       0.00315271, 0.0036523 , 0.00318294, 0.00306797, 0.00365047,
       0.00314704, 0.00314858, 0.00343913, 0.00345511, 0.00343809,
       0.00343278, 0.00351852, 0.00367786, 0.00331221, 0.00334803,
       0.00311567, 0.00326617, 0.00351563, 0.00316511, 0.00305457,
       0.00345342, 0.00326363, 0.00318161, 0.00333613, 0.00287842,
       0.00314161, 0.00309627, 0.00316916, 0.00297625, 0.00283584,
       0.00294538, 0.00267776, 0.00252768, 0.0027294 , 0.00288415,
       0.00288222, 0.00263138, 0.00272236, 0.00290611, 0.0026187 ,
       0.00291653, 0.00281552, 0.00296749, 0.00275794, 0.00263479,
       0.00277249, 0.00249035, 0.00272839, 0.00274127, 0.00272135,
       0.00286649, 0.0026609 , 0.00253879, 0.00267068, 0.00261665,
       0.0023136 , 0.00274229, 0.00281862, 0.00262403, 0.00250946,
       0.00261422, 0.0025198 , 0.00259748, 0.00253433, 0.00257059,
       0.0026426 , 0.00255669, 0.00223574, 0.00258112]), array([0.00361981, 0.0031498 , 0.00306134, 0.00314999, 0.00269851,
       0.00320211, 0.00302819, 0.00313379, 0.00362697, 0.00334382,
       0.00322103, 0.00330581, 0.00358344, 0.00355763, 0.00321373,
       0.00341887, 0.00350176, 0.00380727, 0.00399603, 0.00339012,
       0.00372391, 0.00294939, 0.00373867, 0.00379085, 0.00399203,
       0.00398712, 0.00337561, 0.0037575 , 0.00403134, 0.00362366,
       0.0037879 , 0.00332879, 0.00364082, 0.00350536, 0.00345632,
       0.00341294, 0.00314811, 0.00338694, 0.00302811, 0.00341509,
       0.00347869, 0.00328397, 0.00304069, 0.00346656, 0.00346647,
       0.00261056, 0.00332852, 0.00292242, 0.00327348, 0.00333542,
       0.00308461, 0.00373857, 0.00339595, 0.00360676, 0.00382486,
       0.00348054, 0.00387888, 0.00341462, 0.00323675, 0.00367715,
       0.0035365 , 0.00361933, 0.00342785, 0.00362989, 0.00326283,
       0.00371643, 0.00341088, 0.00358182, 0.00325906, 0.00375757,
       0.00393991, 0.00309857, 0.00356503, 0.0035478 , 0.0036021 ,
       0.00399166, 0.0032834 , 0.00339237, 0.00365435, 0.00366843,
       0.00330779, 0.00373962, 0.0035947 , 0.00363743, 0.00332838,
       0.00342885, 0.00344958, 0.00342727, 0.00342138, 0.00320329,
       0.00338062, 0.00339011, 0.00317679, 0.00312382, 0.00329282,
       0.00324879, 0.00334235, 0.00298827, 0.00295561, 0.00314615,
       0.00306148, 0.0030623 , 0.00303683, 0.00313849, 0.00297659,
       0.00322532, 0.00329915, 0.0029764 , 0.0028949 , 0.00300389,
       0.00298961, 0.00285294, 0.00294229, 0.00308036, 0.00325525,
       0.00479711, 0.00405064, 0.00450562, 0.00444981, 0.00427377,
       0.00436409, 0.00324547, 0.00378373, 0.00430402, 0.00403533,
       0.0041864 , 0.00488949, 0.00428118, 0.00395711, 0.00501913,
       0.00419864, 0.00427041, 0.00469383, 0.00471519, 0.00471513,
       0.00483218, 0.00468523, 0.00496157, 0.00460248, 0.00453185,
       0.0042223 , 0.00426515, 0.00459044, 0.00412654, 0.004088  ,
       0.00468979, 0.00446591, 0.00421916, 0.00457121, 0.00381436,
       0.0042616 , 0.00415597, 0.00428491, 0.0040469 , 0.00374364,
       0.00393009, 0.00352335, 0.00328082, 0.00358775, 0.00382663,
       0.00392267, 0.00349874, 0.00358326, 0.00374425, 0.00333739,
       0.00374961, 0.00374704, 0.00393002, 0.00353975, 0.00331033,
       0.00352693, 0.00311393, 0.00342907, 0.00346416, 0.00343618,
       0.00365531, 0.00340626, 0.00330562, 0.00333179, 0.00339839,
       0.00293732, 0.0035075 , 0.00361704, 0.00329914, 0.00312778,
       0.00333456, 0.00315868, 0.00339839, 0.00341289, 0.00337608,
       0.00355679, 0.00335458, 0.00288785, 0.00343839]), array([0.0089764 , 0.00797694,        nan, 0.00756727, 0.00582241,
       0.00782351, 0.00695432, 0.0068882 , 0.00857485, 0.00765851,
              nan, 0.00748585,        nan,        nan, 0.00753688,
       0.00763701,        nan, 0.00968341, 0.00985906,        nan,
       0.00884556,        nan,        nan, 0.00906079, 0.0092344 ,
              nan, 0.00764257,        nan, 0.00968235, 0.00824457,
       0.00907065,        nan, 0.00851022, 0.00813373, 0.00824891,
       0.00761613,        nan, 0.0073948 , 0.00650533, 0.00784782,
       0.00789458, 0.00732053,        nan, 0.00801987, 0.00801865,
              nan, 0.00764947, 0.00592448, 0.00737882, 0.00764386,
              nan, 0.00890988,        nan, 0.00771434, 0.00883521,
              nan,        nan,        nan,        nan,        nan,
              nan, 0.00818659,        nan,        nan,        nan,
       0.00830993, 0.0075272 ,        nan,        nan, 0.00917509,
       0.00958964, 0.00691503, 0.00877504,        nan, 0.00883459,
       0.01018559,        nan,        nan, 0.0098142 , 0.00968992,
       0.00886099, 0.01008901, 0.00965881, 0.010196  , 0.00859653,
       0.00893276,        nan,        nan, 0.0088681 , 0.00795209,
       0.00878177, 0.00936669, 0.00826378, 0.00749372, 0.00880715,
       0.008639  , 0.00887814,        nan,        nan,        nan,
       0.00810008,        nan, 0.007773  ,        nan, 0.00771685,
       0.00870917, 0.00894716, 0.00781389,        nan, 0.00781853,
       0.00808305, 0.00721543,        nan, 0.00849986, 0.00928373,
              nan, 0.00843774, 0.00982585,        nan, 0.00876245,
              nan,        nan, 0.00758125,        nan, 0.00867206,
              nan, 0.0112394 , 0.00955859, 0.00804952, 0.01156776,
       0.00921244,        nan, 0.01115268, 0.01104166,        nan,
       0.01114664, 0.0110613 , 0.0115788 , 0.01076951,        nan,
       0.01011783, 0.01069513, 0.01214081, 0.01001   , 0.01042395,
       0.01251967, 0.01202336, 0.01123054, 0.01242636, 0.0095592 ,
       0.011158  , 0.01132803, 0.01147868, 0.01084753, 0.00987641,
       0.01012146, 0.00894066, 0.00793119, 0.00940851, 0.01003708,
       0.01022826, 0.00923611,        nan,        nan, 0.00847658,
       0.01024423,        nan, 0.01090142,        nan, 0.00892108,
       0.00950638, 0.0078629 , 0.00983885, 0.00955951, 0.00949039,
       0.01024321, 0.00927768,        nan, 0.00926367,        nan,
              nan, 0.00928025, 0.01033607, 0.00899674,        nan,
       0.00880327, 0.00839817, 0.00958566,        nan, 0.00979107,
       0.00971825, 0.00923311,        nan, 0.00948012]), array([0.00305534, 0.00266696,        nan, 0.00265413,        nan,
       0.00271429, 0.00254273, 0.00256934, 0.00282467, 0.00268654,
       0.00253339, 0.00261668, 0.00285311, 0.00281999, 0.00258901,
       0.00273611, 0.0027512 , 0.0029626 , 0.00314167, 0.00272415,
       0.00292265, 0.00234745, 0.00299645, 0.00295842, 0.00308462,
       0.0030329 , 0.00266229, 0.00291465, 0.0031046 , 0.00278763,
       0.00288037, 0.00272348, 0.0029298 , 0.00283007, 0.00287433,
       0.00274687, 0.00261238, 0.00275295, 0.00251153, 0.00282278,
       0.00285604, 0.0027103 , 0.00254939, 0.00298267, 0.00292373,
       0.00228263, 0.00278943, 0.00249531, 0.00280535, 0.00284139,
       0.00263115, 0.00312374, 0.00288062, 0.00304757, 0.00315249,
       0.00289733, 0.0031931 , 0.00286761, 0.00271058, 0.00303409,
       0.00288987, 0.00294344, 0.00279176, 0.00295001, 0.00265656,
       0.00306581, 0.00274894, 0.00294298, 0.00263308, 0.00295436,
       0.00307567, 0.00250657, 0.00278199, 0.00277036, 0.00279819,
       0.00307849, 0.00264265, 0.00272071, 0.00281733, 0.00290712,
       0.00261053, 0.00287613, 0.00279869, 0.00281155, 0.00258795,
       0.00271211, 0.00270163, 0.00266966, 0.00262185, 0.00253257,
       0.00269671, 0.00265816, 0.00254207, 0.00254168, 0.00259078,
       0.00257956, 0.00267528, 0.00239727, 0.00236659, 0.00252805,
       0.00236811, 0.00246822, 0.00246078, 0.00253131, 0.00235914,
       0.00254132, 0.00262717, 0.00238932, 0.002347  , 0.00248027,
       0.00240392, 0.00229754, 0.00233191, 0.00246437, 0.00252508,
       0.00375959, 0.00325124, 0.00350111, 0.00333454, 0.00330879,
       0.00339139, 0.00271575, 0.00305497, 0.0034386 , 0.00324414,
       0.00326826, 0.00372105, 0.00325231, 0.00316635, 0.00372806,
       0.00321302, 0.003258  , 0.00357283, 0.00350306, 0.0035226 ,
       0.00357567, 0.00357391, 0.00371882, 0.00337811, 0.00343888,
       0.00323788, 0.00339481, 0.00372777, 0.00330942, 0.00319421,
       0.00352761, 0.00340277, 0.00329221, 0.00350532, 0.00297911,
       0.00323121, 0.0031522 , 0.003272  , 0.00313387, 0.00295075,
       0.00300409, 0.00277636, 0.00262915, 0.00282758, 0.00302412,
       0.00300696, 0.00275875, 0.0028028 , 0.0030443 , 0.00270459,
       0.00307325, 0.00298927, 0.00315975, 0.00288207, 0.00277957,
       0.00295145, 0.0026074 , 0.00286326, 0.00287987, 0.00283587,
       0.00302019, 0.00286597, 0.0026542 , 0.00282374, 0.00278302,
       0.00239366, 0.00288994, 0.00296585, 0.00277299, 0.00265714,
       0.00271557, 0.002644  , 0.00272492, 0.00265864, 0.00271479,
       0.00273778, 0.00266584, 0.0023419 , 0.00267029]), array([0.00304803, 0.00269846, 0.00262447, 0.00266721, 0.00234657,
       0.00274076, 0.00256682, 0.0026028 , 0.00294106, 0.00280671,
       0.00263783, 0.00271069, 0.00289928, 0.00285611, 0.00273583,
       0.00283804, 0.00283326, 0.00305572, 0.00325503, 0.00283277,
       0.00303183, 0.00245251, 0.00301488, 0.00303662, 0.00318766,
       0.00316057, 0.00276018, 0.00302529, 0.00320229, 0.00292712,
       0.00298426, 0.00276913, 0.00301083, 0.00295186, 0.00293415,
       0.00278734, 0.00268453, 0.00278146, 0.00258092, 0.0028729 ,
       0.00294706, 0.00275656, 0.00261609, 0.00303358, 0.00293646,
       0.00232091, 0.002829  , 0.00253877, 0.00281849, 0.00290532,
       0.00263074, 0.00313723, 0.0029038 , 0.00307076, 0.00318071,
       0.00292498, 0.0032402 , 0.00292664, 0.00274758, 0.00315621,
       0.00297598, 0.00303583, 0.00291734, 0.00302306, 0.00271824,
       0.00314031, 0.00281229, 0.00301368, 0.00275217, 0.00307249,
       0.00313473, 0.00260419, 0.0029137 , 0.00290697, 0.00291078,
       0.00318973, 0.00272036, 0.00285608, 0.00292196, 0.00302904,
       0.00271422, 0.00307714, 0.00289883, 0.00290208, 0.00267907,
       0.00283465, 0.00279182, 0.00271529, 0.00269511, 0.00260706,
       0.00279236, 0.002738  , 0.00263808, 0.00260265, 0.002674  ,
       0.00265339, 0.00272479, 0.00247404, 0.00243175, 0.00259986,
       0.00243896, 0.00250136, 0.00258509, 0.00257166, 0.00245904,
       0.00260439, 0.00271021, 0.0024896 , 0.00242186, 0.00253605,
       0.0024795 ,        nan, 0.00243274, 0.00255457, 0.00262955,
       0.00395914, 0.00327708, 0.00366725, 0.00348345, 0.00343588,
       0.00356361, 0.00282521, 0.00322298, 0.00359308, 0.00335659,
       0.00338219, 0.0039247 , 0.00342691, 0.0032871 , 0.00386924,
       0.00332491, 0.0033802 , 0.00373511, 0.0036882 , 0.0036501 ,
       0.00379334, 0.00377673, 0.00394476, 0.00362678, 0.00357632,
       0.00334944, 0.00345389, 0.00372517, 0.00339626, 0.00326913,
       0.00362035, 0.00346689, 0.00341827, 0.00359034, 0.00308124,
       0.00338315, 0.00320193, 0.00342894, 0.00323858, 0.00297872,
       0.00312578, 0.00284985, 0.00268909, 0.00292212, 0.00309385,
       0.00307888, 0.00283814, 0.00292455, 0.00311227, 0.00274666,
       0.00311825, 0.00302744, 0.00320724, 0.00293461, 0.00282201,
       0.00295522, 0.00267669, 0.00291355, 0.00291397, 0.00290683,
       0.00303647, 0.00291408, 0.00271286, 0.00285212, 0.00282942,
       0.00242591, 0.00288124, 0.00302131, 0.00281324, 0.00267558,
       0.00277669, 0.0026223 , 0.00281771, 0.00271114, 0.00279056,
       0.00284951, 0.00274254, 0.00241692, 0.00273586]), array([0.00354696, 0.00312941, 0.00296586, 0.00308219, 0.0026505 ,
       0.00311541, 0.002915  , 0.00297238, 0.00338754, 0.00312862,
       0.00295925, 0.00295731, 0.00330107, 0.0032701 , 0.00306677,
       0.00320464, 0.00316193, 0.00350665, 0.00362115, 0.00317745,
       0.00344423, 0.00273506, 0.00344609, 0.00344185, 0.00364052,
       0.00357677, 0.00311438, 0.00340383, 0.00361242, 0.00329906,
       0.00338735, 0.00310703, 0.0034241 , 0.00330131, 0.00334506,
       0.0032242 , 0.00302593, 0.00321468, 0.00292888, 0.00324769,
       0.00330513, 0.00311316, 0.00292784, 0.00348121, 0.00336059,
       0.00256582, 0.00319838, 0.00285488, 0.00326826, 0.00326014,
       0.00302505, 0.0036219 , 0.00333683, 0.00347546, 0.00364141,
       0.0032891 , 0.00363332, 0.00325109, 0.00309127, 0.0035419 ,
       0.00332352, 0.00339656, 0.00323795, 0.00344251, 0.00304775,
       0.0035148 , 0.00315114, 0.00338294, 0.00302969, 0.00341318,
       0.00355739, 0.00288423, 0.00330275, 0.00327142, 0.00329061,
       0.00354943, 0.00309513, 0.00318297, 0.00327892, 0.00338483,
       0.00305627, 0.00343234, 0.00323361, 0.00327796, 0.00302374,
       0.00319213, 0.00311888, 0.00306157, 0.00304672, 0.00295118,
       0.0031393 , 0.00311734, 0.00297386, 0.00295555, 0.0030114 ,
       0.00301406, 0.00306648, 0.00279674, 0.00276006, 0.00298289,
       0.00278142, 0.00284853, 0.00290459, 0.00292239, 0.00278201,
       0.00295176, 0.00307884, 0.00283758, 0.00272142, 0.00288404,
       0.00280818, 0.00264961, 0.00276178, 0.00290729, 0.00296425,
       0.00436884, 0.00369665, 0.004064  , 0.00378605, 0.00378582,
       0.00400522, 0.00308948, 0.00354777, 0.00391462, 0.00372704,
       0.00376672, 0.00439089, 0.00381391, 0.00360289, 0.00439871,
       0.00370717, 0.00378204, 0.00423163, 0.00412969, 0.00411946,
       0.00419903, 0.00414978, 0.00435464, 0.00401953, 0.00408771,
       0.00375526, 0.00396527, 0.00427288, 0.00382722, 0.00373592,
       0.00405269, 0.00402663, 0.00392034, 0.00407125, 0.0035051 ,
       0.00377587, 0.00368939, 0.00384563, 0.00365512, 0.00346476,
       0.00362124, 0.00327006, 0.00306829, 0.00330159, 0.00357238,
       0.00354008, 0.00321374, 0.00329973, 0.00354514, 0.00315886,
       0.00356644, 0.00348411, 0.00373118, 0.00330819, 0.00324007,
       0.00341152, 0.00299437, 0.00334917, 0.00337138, 0.00328765,
       0.00352405, 0.00332988, 0.003117  , 0.00325204, 0.00324571,
       0.00277049, 0.00337524, 0.00344409, 0.00326444, 0.00307517,
       0.00316802, 0.00307613, 0.00315842, 0.00310127, 0.00313599,
       0.00320997, 0.00312225, 0.0026908 , 0.00312079]), array([0.00462304, 0.00402836, 0.00393182, 0.00392809, 0.00339552,
       0.00405273, 0.00377269, 0.00377049, 0.00432115, 0.00396303,
       0.00378438, 0.00382533, 0.00423711, 0.00430891,        nan,
       0.00407907, 0.00416768, 0.00452137, 0.00479855, 0.00405557,
       0.00438056, 0.00348672, 0.00444142, 0.00450918, 0.00473733,
       0.00465189, 0.00399371, 0.00444261, 0.00465932, 0.00414954,
       0.00448157, 0.00399652, 0.00441924, 0.00427225, 0.00426087,
       0.00415105, 0.0038825 , 0.00410872, 0.00366971, 0.00419798,
       0.00420756, 0.00394181, 0.0036788 , 0.0043988 , 0.00423477,
       0.00322548, 0.00417295, 0.00353173, 0.00412413, 0.00417282,
       0.00385992, 0.00469286, 0.00425491, 0.00444376, 0.00468116,
       0.00412917, 0.0047747 , 0.00403767, 0.00382111, 0.00448724,
       0.00427009, 0.0043331 , 0.00412446, 0.00445566, 0.00380117,
       0.00456836, 0.004012  , 0.00444156, 0.00386188, 0.00449422,
       0.00466602, 0.00370233, 0.00420534, 0.00429434, 0.00428408,
       0.00469594, 0.00397942, 0.00416134, 0.00438127, 0.00441423,
       0.00404795, 0.00450129, 0.00428519, 0.00436681, 0.00391452,
       0.00412413, 0.00409395, 0.00397239, 0.00399886, 0.00379715,
       0.00408556, 0.00403774, 0.00391442, 0.00374013, 0.00399875,
       0.00395026, 0.00405158, 0.00359657, 0.00360736, 0.00383732,
       0.00359704, 0.00373996, 0.00367251, 0.00385727, 0.00359197,
       0.00385261, 0.00404089, 0.00363414, 0.00353582, 0.00368333,
       0.00362535, 0.00343683, 0.00357596, 0.00376962, 0.00389007,
       0.00549165, 0.00466127, 0.00508526, 0.00502668, 0.00477724,
       0.00509421, 0.00380931, 0.00442038, 0.00506778, 0.00473345,
       0.00478548, 0.00579382, 0.00500014, 0.0045822 , 0.00566903,
       0.00480932, 0.00496326, 0.00545168, 0.00532414, 0.00539286,
       0.00553502, 0.00537588, 0.00569155, 0.00534826, 0.00536238,
       0.00499528, 0.00511594, 0.00569251, 0.00513098, 0.00491873,
       0.00554099, 0.00529979, 0.00518787, 0.00549565, 0.00460962,
       0.00502705, 0.00501035, 0.00515877, 0.00490217, 0.0045208 ,
       0.00464885, 0.00421649, 0.00390721, 0.00436923, 0.00471827,
       0.00464526, 0.00418694, 0.00432904, 0.00471294, 0.00407872,
       0.00477865, 0.00452254, 0.00488077, 0.00443434, 0.0042247 ,
       0.00444961, 0.00383849, 0.00442924, 0.00444423, 0.00426586,
       0.00467534, 0.00431478, 0.00407063, 0.00430261, 0.00420376,
       0.00363754, 0.0043959 , 0.00460211, 0.00417812, 0.00393316,
       0.00414608, 0.00391441, 0.00416937, 0.00408655, 0.00413848,
       0.00418645, 0.00409659, 0.00347054, 0.00409986]), array([0.00871036,        nan,        nan, 0.00746698,        nan,
       0.00760722, 0.00702071,        nan, 0.00861713,        nan,
              nan, 0.00713288, 0.00815741, 0.00807424,        nan,
       0.00753906, 0.00796945, 0.00896749, 0.00942471, 0.00758194,
       0.0084682 ,        nan,        nan, 0.00896798, 0.00890532,
       0.00900325, 0.0074983 , 0.00885791, 0.00902269, 0.0080016 ,
       0.00898666,        nan, 0.00850894, 0.00806051,        nan,
              nan,        nan, 0.00737433, 0.00657383, 0.00777718,
              nan, 0.00698896,        nan, 0.00784256, 0.00807112,
       0.00517445,        nan, 0.00578499, 0.00724421,        nan,
       0.00670128, 0.00842808, 0.00753335, 0.00765768, 0.0086083 ,
              nan, 0.00861728,        nan,        nan, 0.0082312 ,
       0.00776775,        nan,        nan, 0.00831957,        nan,
              nan, 0.00741011, 0.00846317,        nan,        nan,
       0.00961404, 0.00673627, 0.00836961, 0.00838675,        nan,
       0.00981121, 0.00766392, 0.00845318, 0.00901016, 0.0094405 ,
       0.00842431, 0.00979627, 0.00940833, 0.00896646,        nan,
       0.00860395, 0.00892457, 0.00842165,        nan, 0.00764367,
       0.00824319, 0.00862632, 0.0078921 ,        nan, 0.00830199,
       0.0084111 , 0.00857388, 0.00735426, 0.00737489, 0.00798542,
              nan, 0.00784233, 0.00753627, 0.00832981, 0.00750458,
       0.00815282,        nan, 0.00764142,        nan, 0.00748898,
       0.00747811, 0.00678102,        nan,        nan, 0.00864634,
       0.00975708,        nan,        nan, 0.00886428, 0.00853346,
              nan,        nan,        nan, 0.00946793, 0.00840792,
              nan,        nan,        nan, 0.00811469, 0.01075675,
       0.00843602,        nan, 0.01083269, 0.00998458, 0.01052952,
       0.01071031,        nan, 0.01177012, 0.01027486, 0.01057256,
       0.00982701,        nan, 0.01152624, 0.0097946 , 0.01024937,
       0.01152704, 0.01110164, 0.01086327, 0.0118039 , 0.00978115,
       0.01051758, 0.01042309, 0.01123122, 0.01035379, 0.00906651,
       0.01033294, 0.00831966, 0.00777533, 0.00927204, 0.01002858,
       0.00980912, 0.00869281, 0.00907969,        nan,        nan,
       0.01028895, 0.0099945 ,        nan,        nan, 0.00851451,
       0.00983546, 0.00773255, 0.00938378, 0.0095818 , 0.008834  ,
       0.00997809, 0.00914406, 0.00851205, 0.00885261, 0.00878803,
              nan, 0.00947193,        nan, 0.00897542, 0.00801276,
              nan,        nan, 0.00909915, 0.00919839, 0.00912475,
       0.00946791, 0.00880747, 0.00691763, 0.00891509]), array([0.00369959, 0.00323857,        nan, 0.00308012, 0.00260194,
       0.00316226, 0.00296313, 0.00300101, 0.00359815, 0.00337209,
       0.00313643, 0.00317505, 0.00359048, 0.00349065, 0.00320831,
       0.0033591 , 0.00338885, 0.00375924, 0.00401929, 0.00340086,
       0.00372667, 0.00286017, 0.00366737, 0.00375218, 0.00391264,
       0.00386708, 0.00335287, 0.00368951, 0.0039075 , 0.00349404,
       0.00370518, 0.00324109, 0.00362732, 0.00342163, 0.00347746,
       0.00329986, 0.00317131, 0.00330628,        nan, 0.0033621 ,
       0.00340247, 0.00324675, 0.00300772, 0.00344129, 0.00342408,
       0.00261128, 0.00334422, 0.00287971, 0.00328265, 0.00340995,
       0.0030814 , 0.00363125, 0.0033512 , 0.00352742, 0.00373746,
       0.00338355, 0.0037833 , 0.00339877, 0.00330974, 0.00371218,
       0.00356503, 0.00354198, 0.00341688, 0.00364062, 0.00316775,
       0.0037398 , 0.00334393, 0.00365177, 0.00317587, 0.00370268,
       0.00390571, 0.00301032, 0.00346608, 0.00358478, 0.00348149,
       0.00387087, 0.00323556, 0.00334021, 0.00352378, 0.00371163,
       0.00323919, 0.00373757, 0.00355026, 0.00352535, 0.00316601,
       0.00340863, 0.00332878, 0.00331709, 0.0032761 , 0.00306018,
       0.00334829, 0.00332887, 0.00312381, 0.0030708 , 0.00318253,
       0.00320612, 0.00326895, 0.00290432, 0.00288951, 0.00317171,
       0.00295706, 0.00307108, 0.0030048 , 0.00310845, 0.00295131,
       0.00314807, 0.00326804, 0.00293991, 0.00284162, 0.00298689,
       0.00295485, 0.00280603, 0.00289598, 0.00306183, 0.00324109,
       0.00469561, 0.00389766, 0.00449045, 0.00419628, 0.00408609,
       0.00426745, 0.00322227, 0.00371934, 0.00428351, 0.00399591,
       0.00405866, 0.00470125, 0.0042241 , 0.00386229, 0.00461155,
       0.00401312, 0.00412014, 0.00453073, 0.00446875, 0.00442815,
       0.00462381, 0.00454373, 0.00487728, 0.0044678 , 0.00446379,
       0.00404696, 0.0042038 , 0.00465214, 0.00421488, 0.00402089,
       0.00463819, 0.0044248 , 0.00433601, 0.00457553, 0.0037938 ,
       0.00426703, 0.00413522, 0.004329  , 0.00403056, 0.00372123,
       0.0037964 , 0.00342068, 0.00318474, 0.00356277, 0.00379973,
       0.00377952, 0.00344679, 0.00353573, 0.00372233, 0.00333339,
       0.00375488, 0.00359654, 0.00389332, 0.00348077, 0.00332686,
       0.00362282, 0.00312602, 0.00344775, 0.00344949, 0.00343647,
       0.00366056, 0.00343623, 0.00318109, 0.00336066, 0.0033417 ,
       0.00283053, 0.00345994, 0.00359467, 0.00331118, 0.00312329,
       0.00321443, 0.00304375, 0.00339335, 0.0033261 , 0.00336722,
       0.00344905, 0.00335937, 0.00279166, 0.00333784]), array([0.00563376, 0.00487205, 0.0046981 , 0.00466153, 0.0039509 ,
       0.00479695, 0.00449109, 0.00448872, 0.00542362, 0.00494851,
       0.00471035, 0.00479756, 0.00529805, 0.00539891, 0.00481954,
       0.00501518, 0.00529721, 0.00593223, 0.00617674, 0.00515253,
       0.00548504, 0.00425558, 0.0055881 , 0.00582734, 0.00584074,
       0.00613554, 0.00503807,        nan, 0.00604225, 0.00530846,
       0.00584625,        nan, 0.00544525, 0.00528577, 0.00517364,
       0.00498102, 0.0047619 , 0.00496977, 0.00438402, 0.00519659,
       0.00517608, 0.00483659, 0.00437214,        nan, 0.00513722,
       0.00360761,        nan, 0.00412897, 0.00485601, 0.0049952 ,
       0.00452571, 0.00551608, 0.00510594, 0.00535001, 0.00576684,
       0.00496389, 0.00565162, 0.0049185 , 0.00445421, 0.00547273,
              nan, 0.00532222, 0.0049513 , 0.00538869, 0.00476139,
       0.00543452,        nan, 0.0054508 , 0.00466781,        nan,
       0.0060689 , 0.00451634, 0.00525408, 0.00539282, 0.00534698,
       0.00604847, 0.00494952, 0.00522554, 0.00551335, 0.00564373,
       0.00511628, 0.00569822, 0.00545405, 0.00551298, 0.00488586,
       0.00515964, 0.00524051, 0.00511595, 0.00508955, 0.00471257,
       0.00521049, 0.00514215, 0.00480352, 0.00464655, 0.00502417,
       0.0050781 , 0.0050061 , 0.00448189, 0.0045305 , 0.00483642,
       0.00470405, 0.00474973, 0.00458171, 0.00486502, 0.00456904,
       0.00496327, 0.00507414, 0.00458693, 0.00435734, 0.00457199,
       0.00454701, 0.00427769, 0.00449364, 0.0047971 , 0.00519529,
       0.00689285, 0.00577205, 0.00652236, 0.00630396,        nan,
       0.00661293, 0.0045714 , 0.00536804, 0.00640621, 0.00580957,
       0.00608717, 0.00712176, 0.00634975, 0.00562238, 0.00710932,
       0.00605099, 0.00618499, 0.00690678, 0.00692708, 0.00706732,
       0.00687953, 0.00689784, 0.00739858, 0.00668958, 0.00689715,
       0.00635107,        nan, 0.00731187, 0.00661874, 0.00664897,
       0.00726817, 0.0071478 ,        nan, 0.00722886, 0.0058112 ,
       0.0066676 , 0.00666557, 0.00675995, 0.00642726, 0.0058351 ,
       0.00621412, 0.00527739, 0.00498186,        nan,        nan,
       0.00610763, 0.00549514, 0.00559106, 0.00586094, 0.00515324,
       0.00608387, 0.0057052 , 0.00629575, 0.0055457 , 0.00522695,
       0.00561248, 0.0047774 , 0.00548726, 0.00548602, 0.00543437,
       0.00586556, 0.00540614, 0.00504031, 0.00533823, 0.00536482,
       0.00445455, 0.00543673, 0.00584721, 0.00513575, 0.00482153,
       0.00510233, 0.00487398, 0.00545726, 0.00528312, 0.00528566,
       0.00553226, 0.0051329 , 0.00421742, 0.0051998 ]), array([0.00436829, 0.00392907, 0.00365208, 0.00362107,        nan,
       0.00382446, 0.00349395,        nan, 0.00450106, 0.00399192,
       0.00390481, 0.00392627, 0.00440372, 0.0044668 , 0.00390956,
       0.00403165, 0.00443595, 0.00500202, 0.00517107, 0.00415673,
       0.0046419 , 0.00350964, 0.00464437, 0.00482694, 0.00490315,
       0.00504723, 0.00415257, 0.00473066, 0.00502334, 0.00441188,
       0.0048505 ,        nan, 0.0044321 , 0.00422675, 0.00427228,
              nan, 0.00379961, 0.00401933, 0.00355139, 0.00415322,
       0.0041362 , 0.00394882, 0.00357633, 0.00403002, 0.00418232,
       0.00292383, 0.00404335, 0.00334311, 0.00392565, 0.00408648,
       0.00359447, 0.00460478, 0.0039805 , 0.00422193, 0.00467241,
              nan, 0.00467272, 0.00399594, 0.00366905, 0.00454302,
       0.0041902 , 0.0043551 ,        nan, 0.0044018 , 0.00373191,
       0.00440182, 0.00401801, 0.00438952, 0.0037858 , 0.00465028,
       0.00491717, 0.00374369, 0.00433203, 0.00443767,        nan,
       0.00494967, 0.00398198, 0.00422544, 0.00449241, 0.00462445,
       0.00419828, 0.00480681, 0.00445714, 0.0045268 , 0.00389361,
       0.00419982, 0.00430508, 0.00416638, 0.00411001, 0.00381222,
       0.00408651, 0.00410293, 0.00383451, 0.00367422, 0.00398187,
       0.00405268, 0.00413602, 0.00356804, 0.00355869, 0.00380586,
       0.003737  , 0.00375102, 0.00359379, 0.00385854, 0.00359404,
       0.00399346, 0.00413932, 0.00366673, 0.00339932, 0.00359019,
       0.00360534,        nan, 0.0035627 , 0.00389406, 0.00415987,
       0.00590446,        nan, 0.00565775, 0.00534782, 0.00508331,
       0.00550355,        nan,        nan, 0.00546298, 0.00482374,
       0.00507466, 0.0063348 , 0.00530033, 0.00472302, 0.00623896,
       0.00501604, 0.00521747, 0.00594209, 0.0058642 , 0.00584743,
       0.00598113, 0.00614306, 0.0063464 , 0.00566626, 0.00578499,
       0.00529799, 0.00530309, 0.00627333, 0.00532665, 0.00513009,
       0.00609195, 0.00583564, 0.00556515, 0.00608852, 0.00479867,
       0.00555752, 0.00556697, 0.00583626, 0.00526451, 0.00471702,
       0.00489631, 0.004284  , 0.003869  , 0.00459544, 0.00485547,
       0.00498026, 0.00438751, 0.00458801, 0.00467873, 0.0040403 ,
       0.00472266, 0.0045306 , 0.00509009, 0.00430132, 0.00398773,
       0.00450652, 0.00366035, 0.00432671, 0.00434253, 0.00414574,
       0.00476587, 0.00426706, 0.00408295, 0.00408933, 0.00414029,
       0.00342837, 0.00420152, 0.00466716, 0.00403735, 0.00369537,
       0.00397788, 0.00374631, 0.00439552, 0.00428359, 0.00430461,
       0.00458279, 0.00420673, 0.00339749, 0.0042928 ]), array([0.00312661, 0.00273852, 0.00264951, 0.00263342, 0.00226457,
       0.00275567, 0.00250797, 0.0025726 , 0.00301779, 0.00270715,
       0.00266237, 0.00263485, 0.00297056, 0.00293361, 0.00264817,
       0.00279292, 0.00292101, 0.00322137, 0.00336148, 0.0028294 ,
       0.00301562, 0.00241299, 0.00311388, 0.00319258, 0.00329445,
       0.00322913, 0.00280238, 0.00297064, 0.0032919 , 0.00294229,
       0.00312821, 0.00279679, 0.00302092, 0.00295295, 0.00290865,
       0.00282555, 0.00267987, 0.00278154, 0.0024661 , 0.00289253,
       0.00282571, 0.00274368, 0.00255884, 0.00293034, 0.00295609,
       0.00219772, 0.00280644, 0.00243152, 0.00276424, 0.00280761,
       0.00262009, 0.00310229, 0.0028264 , 0.00305956, 0.00320154,
       0.00287714, 0.00318998,        nan, 0.00271133, 0.00317097,
       0.00297728, 0.00298327, 0.00284047, 0.00301644, 0.0026776 ,
       0.00309179, 0.0027772 , 0.00302922, 0.00265997, 0.00307316,
       0.00320262, 0.00255014, 0.00288316, 0.00297711, 0.00289331,
       0.00322143, 0.00268744, 0.00280776, 0.00297407, 0.00302243,
       0.00276622, 0.00302007, 0.0029206 , 0.00293568, 0.00266943,
       0.00276405, 0.00275824, 0.00275109, 0.00270378, 0.00256758,
       0.00275485, 0.00271693, 0.00262468, 0.00253377, 0.00264545,
       0.00266365, 0.00268749, 0.00243175, 0.00244063, 0.00260829,
       0.00247549, 0.00252515, 0.00250712, 0.00257627, 0.00243324,
       0.0025927 , 0.0027422 , 0.00247383, 0.00236585, 0.00249222,
       0.00246345, 0.00231013, 0.00241339, 0.00253462, 0.00273292,
       0.00385456, 0.00330828, 0.00374563, 0.00347918, 0.00347324,
       0.00370452, 0.00270513, 0.00315702, 0.00362956, 0.003387  ,
       0.00337842, 0.00402325, 0.00351341, 0.00324116, 0.00397127,
       0.00336509, 0.00343845, 0.00378486, 0.00379882, 0.00374125,
       0.00377278, 0.00380351, 0.00402285, 0.00365205, 0.00375622,
       0.00348717, 0.00357005, 0.00402486, 0.00355458, 0.00346755,
       0.00388989, 0.00365534, 0.00364782, 0.00392565, 0.00319781,
       0.00354211, 0.00350731, 0.00359664, 0.00344469, 0.00313796,
       0.00324577, 0.00287611, 0.00269673, 0.00299274, 0.00321501,
       0.00315582, 0.00290296, 0.00301992, 0.00312006, 0.00276902,
       0.0031605 , 0.00302986, 0.00330586, 0.00294176, 0.00284477,
       0.00306132, 0.00260948, 0.00294718, 0.00289057, 0.00286623,
       0.00313045, 0.0028936 , 0.00271333, 0.00280341, 0.00281797,
       0.00240497, 0.0029292 , 0.00306054, 0.00275895, 0.00258102,
       0.00275155, 0.00258016, 0.00290317, 0.00284181, 0.00282224,
       0.00290862, 0.00278523, 0.0023299 , 0.00277797])]